> compo1;
[1]:
   [1]:
      1,1
   [2]:
      1,1
   [3]:
      0,0
   [4]:
      4,4,8,8
[2]:
   [1]:
      1,1
   [2]:
      1,2
   [3]:
      0,0
   [4]:
      4,7,11,11
[3]:
   [1]:
      1,1
   [2]:
      1,3
   [3]:
      0,0
   [4]:
      4,9,13,13
[4]:
   [1]:
      1,1
   [2]:
      2,1
   [3]:
      0,0
   [4]:
      4,7,11,11
[5]:
   [1]:
      1,1
   [2]:
      2,2
   [3]:
      0,0
   [4]:
      4,12,16,16
[6]:
   [1]:
      1,1
   [2]:
      3,1
   [3]:
      0,0
   [4]:
      4,9,13,13
[7]:
   [1]:
      1,1
   [2]:
      1,1
   [3]:
      1,1
   [4]:
      4,4,4,4
[8]:
   [1]:
      1,2
   [2]:
      1,1
   [3]:
      0,0
   [4]:
      7,4,11,11
[9]:
   [1]:
      1,2
   [2]:
      1,2
   [3]:
      0,0
   [4]:
      7,7,14,14
[10]:
   [1]:
      1,2
   [2]:
      2,1
   [3]:
      0,0
   [4]:
      7,7,14,14
[11]:
   [1]:
      1,2
   [2]:
      1,2
   [3]:
      1,2
   [4]:
      7,7,7,7
[12]:
   [1]:
      1,3
   [2]:
      1,1
   [3]:
      0,0
   [4]:
      9,4,13,13
[13]:
   [1]:
      1,3
   [2]:
      1,3
   [3]:
      1,3
   [4]:
      9,9,9,9
[14]:
   [1]:
      2,2
   [2]:
      1,1
   [3]:
      0,0
   [4]:
      12,4,16,16
[15]:
   [1]:
      2,2
   [2]:
      2,2
   [3]:
      2,2
   [4]:
      12,12,12,12
[16]:
   [1]:
      2,3
   [2]:
      2,3
   [3]:
      2,3
   [4]:
      15,15,15,15
[17]:
   [1]:
      3,3
   [2]:
      3,3
   [3]:
      3,3
   [4]:
      18,18,18,18

      
      
      
      
      
      
      
      
