> compo1;
[1]:
   [1]:
      1,1
   [2]:
      1,1
   [3]:
      0,0
   [4]:
      5,5,10,10
[2]:
   [1]:
      1,1
   [2]:
      1,2
   [3]:
      0,0
   [4]:
      5,9,14,14
[3]:
   [1]:
      1,1
   [2]:
      1,3
   [3]:
      0,0
   [4]:
      5,12,17,17
[4]:
   [1]:
      1,1
   [2]:
      1,4
   [3]:
      0,0
   [4]:
      5,13,18,18
[5]:
   [1]:
      1,1
   [2]:
      2,1
   [3]:
      0,0
   [4]:
      5,9,14,14
[6]:
   [1]:
      1,1
   [2]:
      2,2
   [3]:
      0,0
   [4]:
      5,16,21,21
[7]:
   [1]:
      1,1
   [2]:
      2,3
   [3]:
      0,0
   [4]:
      5,21,26,26
[8]:
   [1]:
      1,1
   [2]:
      3,1
   [3]:
      0,0
   [4]:
      5,12,17,17
[9]:
   [1]:
      1,1
   [2]:
      3,2
   [3]:
      0,0
   [4]:
      5,21,26,26
[10]:
   [1]:
      1,1
   [2]:
      4,1
   [3]:
      0,0
   [4]:
      5,13,18,18
[11]:
   [1]:
      1,1
   [2]:
      1,4
   [3]:
      0,1
   [4]:
      5,13,18,18
[12]:
   [1]:
      1,1
   [2]:
      4,1
   [3]:
      1,0
   [4]:
      5,13,18,18
[13]:
   [1]:
      1,1
   [2]:
      1,1
   [3]:
      1,1
   [4]:
      5,5,5,5
      
      
      
 > compo1;
[1]:
   [1]:
      1,2
   [2]:
      1,1
   [3]:
      0,0
   [4]:
      9,5,14,14
[2]:
   [1]:
      1,2
   [2]:
      1,2
   [3]:
      0,0
   [4]:
      9,9,18,18
[3]:
   [1]:
      1,2
   [2]:
      1,3
   [3]:
      0,0
   [4]:
      9,12,21,21
[4]:
   [1]:
      1,2
   [2]:
      2,1
   [3]:
      0,0
   [4]:
      9,9,18,18
[5]:
   [1]:
      1,2
   [2]:
      2,2
   [3]:
      0,0
   [4]:
      9,16,25,25
[6]:
   [1]:
      1,2
   [2]:
      3,1
   [3]:
      0,0
   [4]:
      9,12,21,21
[7]:
   [1]:
      1,2
   [2]:
      1,4
   [3]:
      0,1
   [4]:
      9,13,22,22
[8]:
   [1]:
      1,2
   [2]:
      1,2
   [3]:
      1,2
   [4]:
      9,9,9,9
      
 > compo1;
[1]:
   [1]:
      1,3
   [2]:
      1,1
   [3]:
      0,0
   [4]:
      12,5,17,17
[2]:
   [1]:
      1,3
   [2]:
      1,2
   [3]:
      0,0
   [4]:
      12,9,21,21
[3]:
   [1]:
      1,3
   [2]:
      2,1
   [3]:
      0,0
   [4]:
      12,9,21,21
[4]:
   [1]:
      1,3
   [2]:
      1,3
   [3]:
      1,3
   [4]:
      12,12,12,12
  
  
 > compo1;
[1]:
   [1]:
      1,4
   [2]:
      1,1
   [3]:
      0,0
   [4]:
      13,5,18,18
[2]:
   [1]:
      1,4
   [2]:
      1,1
   [3]:
      0,1
   [4]:
      13,5,18,18
[3]:
   [1]:
      1,4
   [2]:
      1,2
   [3]:
      0,1
   [4]:
      13,9,22,22
[4]:
   [1]:
      1,4
   [2]:
      1,4
   [3]:
      1,0
   [4]:
      13,13,13,13
[5]:
   [1]:
      1,4
   [2]:
      1,4
   [3]:
      1,4
   [4]:
      13,13,13,13
  
> compo1
. ;
[1]:
   [1]:
      2,2
   [2]:
      1,1
   [3]:
      0,0
   [4]:
      16,5,21,21
[2]:
   [1]:
      2,2
   [2]:
      1,2
   [3]:
      0,0
   [4]:
      16,9,25,25
[3]:
   [1]:
      2,2
   [2]:
      2,1
   [3]:
      0,0
   [4]:
      16,9,25,25
[4]:
   [1]:
      2,2
   [2]:
      2,2
   [3]:
      2,2
   [4]:
      16,16,16,16
      
      
      
> compo1;
[1]:
   [1]:
      2,3
   [2]:
      1,1
   [3]:
      0,0
   [4]:
      21,5,26,26
[2]:
   [1]:
      2,3
   [2]:
      2,3
   [3]:
      2,3
   [4]:
      21,21,21,21
      
      
  compo1;
[1]:
   [1]:
      2,4
   [2]:
      2,4
   [3]:
      2,0
   [4]:
      23,23,23,23
[2]:
   [1]:
      2,4
   [2]:
      2,4
   [3]:
      2,4
   [4]:
      23,23,23,23
      
 > compo1;
[1]:
   [1]:
      3,3
   [2]:
      3,3
   [3]:
      3,3
   [4]:
      27,27,27,27
      
      
 > compo1;
[1]:
   [1]:
      3,4
   [2]:
      3,4
   [3]:
      3,0
   [4]:
      29,29,29,29
[2]:
   [1]:
      3,4
   [2]:
      3,4
   [3]:
      3,4
   [4]:
      29,29,29,29
      
      
 > compo1;
[1]:
   [1]:
      4,4
   [2]:
      4,4
   [3]:
      0,0
   [4]:
      31,31,31,31
[2]:
   [1]:
      4,4
   [2]:
      4,4
   [3]:
      0,4
   [4]:
      31,31,31,31
[3]:
   [1]:
      4,4
   [2]:
      4,4
   [3]:
      4,0
   [4]:
      31,31,31,31
[4]:
   [1]:
      4,4
   [2]:
      4,4
   [3]:
      4,4
   [4]:
      31,31,31,31     
      
      
  
      
