   
  > compo4;
[1]:
   [1]:
      1,1
   [2]:
      2,3
   [3]:
      0,0
   [4]:
      4,15,18,19
   [5]:
      [1]:
         1,-1
      [2]:
         1,0
      [3]:
         2,-2
      [4]:
         2,0
      [5]:
         3,-3
      [6]:
         3,0
      [7]:
         4,-4
      [8]:
         4,0
      [9]:
         5,-5
      [10]:
         5,0
      [11]:
         6,-6
      [12]:
         6,0
      [13]:
         7,-7
      [14]:
         7,0
      [15]:
         8,-8
      [16]:
         8,0
      [17]:
         9,-9
      [18]:
         9,0
      [19]:
         10,-10
      [20]:
         10,0
[2]:
   [1]:
      1,1
   [2]:
      3,2
   [3]:
      0,0
   [4]:
      4,15,18,19
   [5]:
      [1]:
         1,-1
      [2]:
         1,0
      [3]:
         2,-2
      [4]:
         2,0
      [5]:
         3,-3
      [6]:
         3,0
      [7]:
         4,-4
      [8]:
         4,0
      [9]:
         5,-5
      [10]:
         5,0
      [11]:
         6,-6
      [12]:
         6,0
      [13]:
         7,-7
      [14]:
         7,0
      [15]:
         8,-8
      [16]:
         8,0
      [17]:
         9,-9
      [18]:
         9,0
      [19]:
         10,-10
      [20]:
         10,0
[3]:
   [1]:
      1,2
   [2]:
      2,2
   [3]:
      0,0
   [4]:
      7,12,18,19
   [5]:
      [1]:
         1,-1
      [2]:
         1,0
      [3]:
         2,-2
      [4]:
         2,0
      [5]:
         3,-3
      [6]:
         3,0
      [7]:
         4,-4
      [8]:
         4,0
      [9]:
         5,-5
      [10]:
         5,0
      [11]:
         6,-6
      [12]:
         6,0
      [13]:
         7,-7
      [14]:
         7,0
      [15]:
         8,-8
      [16]:
         8,0
      [17]:
         9,-9
      [18]:
         9,0
      [19]:
         10,-10
      [20]:
         10,0
[4]:
   [1]:
      1,2
   [2]:
      3,1
   [3]:
      0,0
   [4]:
      7,9,15,16
   [5]:
      [1]:
         1,-1
      [2]:
         1,0
      [3]:
         2,-2
      [4]:
         2,0
      [5]:
         3,-3
      [6]:
         3,0
      [7]:
         4,-4
      [8]:
         4,0
      [9]:
         5,-5
      [10]:
         5,0
      [11]:
         6,-6
      [12]:
         6,0
      [13]:
         7,-7
      [14]:
         7,0
      [15]:
         8,-8
      [16]:
         8,0
      [17]:
         9,-9
      [18]:
         9,0
      [19]:
         10,-10
      [20]:
         10,0
[5]:
   [1]:
      1,3
   [2]:
      2,1
   [3]:
      0,0
   [4]:
      9,7,15,16
   [5]:
      [1]:
         1,-1
      [2]:
         1,0
      [3]:
         2,-2
      [4]:
         2,0
      [5]:
         3,-3
      [6]:
         3,0
      [7]:
         4,-4
      [8]:
         4,0
      [9]:
         5,-5
      [10]:
         5,0
      [11]:
         6,-6
      [12]:
         6,0
      [13]:
         7,-7
      [14]:
         7,0
      [15]:
         8,-8
      [16]:
         8,0
      [17]:
         9,-9
      [18]:
         9,0
      [19]:
         10,-10
      [20]:
         10,0
[6]:
   [1]:
      2,2
   [2]:
      1,2
   [3]:
      0,0
   [4]:
      12,7,18,19
   [5]:
      [1]:
         1,-1
      [2]:
         1,0
      [3]:
         2,-2
      [4]:
         2,0
      [5]:
         3,-3
      [6]:
         3,0
      [7]:
         4,-4
      [8]:
         4,0
      [9]:
         5,-5
      [10]:
         5,0
      [11]:
         6,-6
      [12]:
         6,0
      [13]:
         7,-7
      [14]:
         7,0
      [15]:
         8,-8
      [16]:
         8,0
      [17]:
         9,-9
      [18]:
         9,0
      [19]:
         10,-10
      [20]:
         10,0
[7]:
   [1]:
      2,2
   [2]:
      2,1
   [3]:
      0,0
   [4]:
      12,7,18,19
   [5]:
      [1]:
         1,-1
      [2]:
         1,0
      [3]:
         2,-2
      [4]:
         2,0
      [5]:
         3,-3
      [6]:
         3,0
      [7]:
         4,-4
      [8]:
         4,0
      [9]:
         5,-5
      [10]:
         5,0
      [11]:
         6,-6
      [12]:
         6,0
      [13]:
         7,-7
      [14]:
         7,0
      [15]:
         8,-8
      [16]:
         8,0
      [17]:
         9,-9
      [18]:
         9,0
      [19]:
         10,-10
      [20]:
         10,0
[8]:
   [1]:
      2,3
   [2]:
      1,1
   [3]:
      0,0
   [4]:
      15,4,18,19
   [5]:
      [1]:
         1,-1
      [2]:
         1,0
      [3]:
         2,-2
      [4]:
         2,0
      [5]:
         3,-3
      [6]:
         3,0
      [7]:
         4,-4
      [8]:
         4,0
      [9]:
         5,-5
      [10]:
         5,0
      [11]:
         6,-6
      [12]:
         6,0
      [13]:
         7,-7
      [14]:
         7,0
      [15]:
         8,-8
      [16]:
         8,0
      [17]:
         9,-9
      [18]:
         9,0
      [19]:
         10,-10
      [20]:
         10,0
  
    
    
