 compoG;
[1]:
   [1]:
      2,2
   [2]:
      3,3
   [3]:
      0,0
   [4]:
      16,27,35,43
[2]:
   [1]:
      2,2
   [2]:
      3,4
   [3]:
      0,1
   [4]:
      16,29,35,45
[3]:
   [1]:
      2,2
   [2]:
      4,3
   [3]:
      1,0
   [4]:
      16,29,35,45
[4]:
   [1]:
      2,2
   [2]:
      4,4
   [3]:
      1,1
   [4]:
      16,31,35,47
[5]:
   [1]:
      2,3
   [2]:
      3,3
   [3]:
      0,0
   [4]:
      21,27,35,48
[6]:
   [1]:
      2,3
   [2]:
      3,3
   [3]:
      0,1
   [4]:
      21,27,35,48
[7]:
   [1]:
      2,3
   [2]:
      3,4
   [3]:
      0,1
   [4]:
      21,29,35,50
[8]:
   [1]:
      2,3
   [2]:
      3,4
   [3]:
      0,2
   [4]:
      21,29,35,50
[9]:
   [1]:
      2,3
   [2]:
      4,3
   [3]:
      1,0
   [4]:
      21,29,35,50
[10]:
   [1]:
      2,3
   [2]:
      4,3
   [3]:
      1,1
   [4]:
      21,29,35,50
[11]:
   [1]:
      2,3
   [2]:
      4,4
   [3]:
      1,1
   [4]:
      21,31,35,52
[12]:
   [1]:
      2,3
   [2]:
      4,4
   [3]:
      1,2
   [4]:
      21,31,35,52
[13]:
   [1]:
      2,4
   [2]:
      3,3
   [3]:
      0,1
   [4]:
      23,27,35,50
[14]:
   [1]:
      2,4
   [2]:
      3,4
   [3]:
      0,1
   [4]:
      23,29,35,52
[15]:
   [1]:
      2,4
   [2]:
      3,3
   [3]:
      0,2
   [4]:
      23,27,35,50
[16]:
   [1]:
      2,4
   [2]:
      3,4
   [3]:
      0,2
   [4]:
      23,29,35,52
[17]:
   [1]:
      2,4
   [2]:
      3,4
   [3]:
      0,3
   [4]:
      23,29,35,52
[18]:
   [1]:
      2,4
   [2]:
      4,3
   [3]:
      1,1
   [4]:
      23,29,35,52
[19]:
   [1]:
      2,4
   [2]:
      4,4
   [3]:
      1,1
   [4]:
      23,31,35,54
[20]:
   [1]:
      2,4
   [2]:
      4,3
   [3]:
      1,2
   [4]:
      23,29,35,52
[21]:
   [1]:
      2,4
   [2]:
      4,4
   [3]:
      1,2
   [4]:
      23,31,35,54
[22]:
   [1]:
      2,4
   [2]:
      4,4
   [3]:
      1,3
   [4]:
      23,31,35,54
[23]:
   [1]:
      3,3
   [2]:
      2,2
   [3]:
      0,0
   [4]:
      27,16,35,43
[24]:
   [1]:
      3,3
   [2]:
      2,3
   [3]:
      0,0
   [4]:
      27,21,35,48
[25]:
   [1]:
      3,3
   [2]:
      3,2
   [3]:
      0,0
   [4]:
      27,21,35,48
[26]:
   [1]:
      3,3
   [2]:
      3,3
   [3]:
      0,0
   [4]:
      27,27,35,53
[27]:
   [1]:
      3,3
   [2]:
      2,3
   [3]:
      0,1
   [4]:
      27,21,35,48
[28]:
   [1]:
      3,3
   [2]:
      2,4
   [3]:
      0,1
   [4]:
      27,23,35,50
[29]:
   [1]:
      3,3
   [2]:
      3,3
   [3]:
      0,1
   [4]:
      27,27,35,53
[30]:
   [1]:
      3,3
   [2]:
      3,4
   [3]:
      0,1
   [4]:
      27,29,35,55
[31]:
   [1]:
      3,3
   [2]:
      2,4
   [3]:
      0,2
   [4]:
      27,23,35,50
[32]:
   [1]:
      3,3
   [2]:
      3,4
   [3]:
      0,2
   [4]:
      27,29,35,55
[33]:
   [1]:
      3,3
   [2]:
      3,2
   [3]:
      1,0
   [4]:
      27,21,35,48
[34]:
   [1]:
      3,3
   [2]:
      3,3
   [3]:
      1,0
   [4]:
      27,27,35,53
[35]:
   [1]:
      3,3
   [2]:
      4,2
   [3]:
      1,0
   [4]:
      27,23,35,50
[36]:
   [1]:
      3,3
   [2]:
      4,3
   [3]:
      1,0
   [4]:
      27,29,35,55
[37]:
   [1]:
      3,3
   [2]:
      3,3
   [3]:
      1,1
   [4]:
      27,27,35,53
[38]:
   [1]:
      3,3
   [2]:
      3,4
   [3]:
      1,1
   [4]:
      27,29,35,55
[39]:
   [1]:
      3,3
   [2]:
      4,3
   [3]:
      1,1
   [4]:
      27,29,35,55
[40]:
   [1]:
      3,3
   [2]:
      4,4
   [3]:
      1,1
   [4]:
      27,31,35,57
[41]:
   [1]:
      3,3
   [2]:
      3,4
   [3]:
      1,2
   [4]:
      27,29,35,55
[42]:
   [1]:
      3,3
   [2]:
      4,4
   [3]:
      1,2
   [4]:
      27,31,35,57
[43]:
   [1]:
      3,3
   [2]:
      4,2
   [3]:
      2,0
   [4]:
      27,23,35,50
[44]:
   [1]:
      3,3
   [2]:
      4,3
   [3]:
      2,0
   [4]:
      27,29,35,55
[45]:
   [1]:
      3,3
   [2]:
      4,3
   [3]:
      2,1
   [4]:
      27,29,35,55
[46]:
   [1]:
      3,3
   [2]:
      4,4
   [3]:
      2,1
   [4]:
      27,31,35,57
[47]:
   [1]:
      3,3
   [2]:
      4,4
   [3]:
      2,2
   [4]:
      27,31,35,57
[48]:
   [1]:
      3,4
   [2]:
      2,2
   [3]:
      0,1
   [4]:
      29,16,35,45
[49]:
   [1]:
      3,4
   [2]:
      2,3
   [3]:
      0,1
   [4]:
      29,21,35,50
[50]:
   [1]:
      3,4
   [2]:
      2,4
   [3]:
      0,1
   [4]:
      29,23,35,52
[51]:
   [1]:
      3,4
   [2]:
      3,2
   [3]:
      0,1
   [4]:
      29,21,35,50
[52]:
   [1]:
      3,4
   [2]:
      3,3
   [3]:
      0,1
   [4]:
      29,27,35,55
[53]:
   [1]:
      3,4
   [2]:
      3,4
   [3]:
      0,1
   [4]:
      29,29,35,57
[54]:
   [1]:
      3,4
   [2]:
      2,3
   [3]:
      0,2
   [4]:
      29,21,35,50
[55]:
   [1]:
      3,4
   [2]:
      2,4
   [3]:
      0,2
   [4]:
      29,23,35,52
[56]:
   [1]:
      3,4
   [2]:
      3,3
   [3]:
      0,2
   [4]:
      29,27,35,55
[57]:
   [1]:
      3,4
   [2]:
      3,4
   [3]:
      0,2
   [4]:
      29,29,35,57
[58]:
   [1]:
      3,4
   [2]:
      2,4
   [3]:
      0,3
   [4]:
      29,23,35,52
[59]:
   [1]:
      3,4
   [2]:
      3,4
   [3]:
      0,3
   [4]:
      29,29,35,57
[60]:
   [1]:
      3,4
   [2]:
      3,2
   [3]:
      1,1
   [4]:
      29,21,35,50
[61]:
   [1]:
      3,4
   [2]:
      3,3
   [3]:
      1,1
   [4]:
      29,27,35,55
[62]:
   [1]:
      3,4
   [2]:
      3,4
   [3]:
      1,1
   [4]:
      29,29,35,57
[63]:
   [1]:
      3,4
   [2]:
      4,2
   [3]:
      1,1
   [4]:
      29,23,35,52
[64]:
   [1]:
      3,4
   [2]:
      4,3
   [3]:
      1,1
   [4]:
      29,29,35,57
[65]:
   [1]:
      3,4
   [2]:
      4,4
   [3]:
      1,1
   [4]:
      29,31,35,59
[66]:
   [1]:
      3,4
   [2]:
      3,3
   [3]:
      1,2
   [4]:
      29,27,35,55
[67]:
   [1]:
      3,4
   [2]:
      3,4
   [3]:
      1,2
   [4]:
      29,29,35,57
[68]:
   [1]:
      3,4
   [2]:
      4,3
   [3]:
      1,2
   [4]:
      29,29,35,57
[69]:
   [1]:
      3,4
   [2]:
      4,4
   [3]:
      1,2
   [4]:
      29,31,35,59
[70]:
   [1]:
      3,4
   [2]:
      3,4
   [3]:
      1,3
   [4]:
      29,29,35,57
[71]:
   [1]:
      3,4
   [2]:
      4,4
   [3]:
      1,3
   [4]:
      29,31,35,59
[72]:
   [1]:
      3,4
   [2]:
      4,2
   [3]:
      2,1
   [4]:
      29,23,35,52
[73]:
   [1]:
      3,4
   [2]:
      4,3
   [3]:
      2,1
   [4]:
      29,29,35,57
[74]:
   [1]:
      3,4
   [2]:
      4,4
   [3]:
      2,1
   [4]:
      29,31,35,59
[75]:
   [1]:
      3,4
   [2]:
      4,3
   [3]:
      2,2
   [4]:
      29,29,35,57
[76]:
   [1]:
      3,4
   [2]:
      4,4
   [3]:
      2,2
   [4]:
      29,31,35,59
[77]:
   [1]:
      3,4
   [2]:
      4,4
   [3]:
      2,3
   [4]:
      29,31,35,59
[78]:
   [1]:
      4,4
   [2]:
      2,2
   [3]:
      1,1
   [4]:
      31,16,35,47
[79]:
   [1]:
      4,4
   [2]:
      2,3
   [3]:
      1,1
   [4]:
      31,21,35,52
[80]:
   [1]:
      4,4
   [2]:
      2,4
   [3]:
      1,1
   [4]:
      31,23,35,54
[81]:
   [1]:
      4,4
   [2]:
      3,2
   [3]:
      1,1
   [4]:
      31,21,35,52
[82]:
   [1]:
      4,4
   [2]:
      3,3
   [3]:
      1,1
   [4]:
      31,27,35,57
[83]:
   [1]:
      4,4
   [2]:
      3,4
   [3]:
      1,1
   [4]:
      31,29,35,59
[84]:
   [1]:
      4,4
   [2]:
      4,2
   [3]:
      1,1
   [4]:
      31,23,35,54
[85]:
   [1]:
      4,4
   [2]:
      4,3
   [3]:
      1,1
   [4]:
      31,29,35,59
[86]:
   [1]:
      4,4
   [2]:
      4,4
   [3]:
      1,1
   [4]:
      31,31,35,61
[87]:
   [1]:
      4,4
   [2]:
      2,3
   [3]:
      1,2
   [4]:
      31,21,35,52
[88]:
   [1]:
      4,4
   [2]:
      2,4
   [3]:
      1,2
   [4]:
      31,23,35,54
[89]:
   [1]:
      4,4
   [2]:
      3,3
   [3]:
      1,2
   [4]:
      31,27,35,57
[90]:
   [1]:
      4,4
   [2]:
      3,4
   [3]:
      1,2
   [4]:
      31,29,35,59
[91]:
   [1]:
      4,4
   [2]:
      4,3
   [3]:
      1,2
   [4]:
      31,29,35,59
[92]:
   [1]:
      4,4
   [2]:
      4,4
   [3]:
      1,2
   [4]:
      31,31,35,61
[93]:
   [1]:
      4,4
   [2]:
      2,4
   [3]:
      1,3
   [4]:
      31,23,35,54
[94]:
   [1]:
      4,4
   [2]:
      3,4
   [3]:
      1,3
   [4]:
      31,29,35,59
[95]:
   [1]:
      4,4
   [2]:
      4,4
   [3]:
      1,3
   [4]:
      31,31,35,61
[96]:
   [1]:
      4,4
   [2]:
      3,2
   [3]:
      2,1
   [4]:
      31,21,35,52
[97]:
   [1]:
      4,4
   [2]:
      3,3
   [3]:
      2,1
   [4]:
      31,27,35,57
[98]:
   [1]:
      4,4
   [2]:
      3,4
   [3]:
      2,1
   [4]:
      31,29,35,59
[99]:
   [1]:
      4,4
   [2]:
      4,2
   [3]:
      2,1
   [4]:
      31,23,35,54
[100]:
   [1]:
      4,4
   [2]:
      4,3
   [3]:
      2,1
   [4]:
      31,29,35,59
[101]:
   [1]:
      4,4
   [2]:
      4,4
   [3]:
      2,1
   [4]:
      31,31,35,61
[102]:
   [1]:
      4,4
   [2]:
      3,3
   [3]:
      2,2
   [4]:
      31,27,35,57
[103]:
   [1]:
      4,4
   [2]:
      3,4
   [3]:
      2,2
   [4]:
      31,29,35,59
[104]:
   [1]:
      4,4
   [2]:
      4,3
   [3]:
      2,2
   [4]:
      31,29,35,59
[105]:
   [1]:
      4,4
   [2]:
      4,4
   [3]:
      2,2
   [4]:
      31,31,35,61
[106]:
   [1]:
      4,4
   [2]:
      3,4
   [3]:
      2,3
   [4]:
      31,29,35,59
[107]:
   [1]:
      4,4
   [2]:
      4,4
   [3]:
      2,3
   [4]:
      31,31,35,61
[108]:
   [1]:
      4,4
   [2]:
      4,2
   [3]:
      3,1
   [4]:
      31,23,35,54
[109]:
   [1]:
      4,4
   [2]:
      4,3
   [3]:
      3,1
   [4]:
      31,29,35,59
[110]:
   [1]:
      4,4
   [2]:
      4,4
   [3]:
      3,1
   [4]:
      31,31,35,61
[111]:
   [1]:
      4,4
   [2]:
      4,3
   [3]:
      3,2
   [4]:
      31,29,35,59
[112]:
   [1]:
      4,4
   [2]:
      4,4
   [3]:
      3,2
   [4]:
      31,31,35,61
[113]:
   [1]:
      4,4
   [2]:
      4,4
   [3]:
      3,3
   [4]:
      31,31,35,61
