355
> check[1];
empty list
> check[2];
[1]:
   [1]:
      1,1
   [2]:
      1,1
   [3]:
      0,0
   [4]:
      3,3,6,6
   [5]:
      [1]:
         1,0
[2]:
   [1]:
      1,1
   [2]:
      1,2
   [3]:
      0,0
   [4]:
      3,5,8,8
   [5]:
      [1]:
         1,0
[3]:
   [1]:
      1,1
   [2]:
      1,3
   [3]:
      0,0
   [4]:
      3,6,8,9
   [5]:
      [1]:
         1,0
[4]:
   [1]:
      1,1
   [2]:
      2,1
   [3]:
      0,0
   [4]:
      3,5,8,8
   [5]:
      [1]:
         1,0
[5]:
   [1]:
      1,1
   [2]:
      2,2
   [3]:
      0,0
   [4]:
      3,8,10,11
   [5]:
      [1]:
         1,0
[6]:
   [1]:
      1,1
   [2]:
      2,3
   [3]:
      0,0
   [4]:
      3,9,10,12
   [5]:
      [1]:
         1,0
[7]:
   [1]:
      1,1
   [2]:
      3,1
   [3]:
      0,0
   [4]:
      3,6,8,9
   [5]:
      [1]:
         1,0
[8]:
   [1]:
      1,1
   [2]:
      3,2
   [3]:
      0,0
   [4]:
      3,9,10,12
   [5]:
      [1]:
         1,0
[9]:
   [1]:
      1,1
   [2]:
      3,3
   [3]:
      0,0
   [4]:
      3,10,10,13
   [5]:
      [1]:
         1,0
[10]:
   [1]:
      1,1
   [2]:
      1,1
   [3]:
      0,1
   [4]:
      3,3,5,6
   [5]:
      [1]:
         1,0
[11]:
   [1]:
      1,1
   [2]:
      1,2
   [3]:
      0,1
   [4]:
      3,5,7,8
   [5]:
      [1]:
         1,0
[12]:
   [1]:
      1,1
   [2]:
      1,3
   [3]:
      0,1
   [4]:
      3,6,8,9
   [5]:
      [1]:
         1,0
[13]:
   [1]:
      1,1
   [2]:
      2,1
   [3]:
      0,1
   [4]:
      3,5,6,8
   [5]:
      [1]:
         1,0
[14]:
   [1]:
      1,1
   [2]:
      2,2
   [3]:
      0,1
   [4]:
      3,8,9,11
   [5]:
      [1]:
         1,0
[15]:
   [1]:
      1,1
   [2]:
      2,3
   [3]:
      0,1
   [4]:
      3,9,10,12
   [5]:
      [1]:
         1,0
[16]:
   [1]:
      1,1
   [2]:
      3,1
   [3]:
      0,1
   [4]:
      3,6,6,8
   [5]:
      [1]:
         1,0
      [2]:
         1,1
[17]:
   [1]:
      1,1
   [2]:
      3,2
   [3]:
      0,1
   [4]:
      3,9,9,12
   [5]:
      [1]:
         1,0
[18]:
   [1]:
      1,1
   [2]:
      3,3
   [3]:
      0,1
   [4]:
      3,10,10,13
   [5]:
      [1]:
         1,0
[19]:
   [1]:
      1,1
   [2]:
      1,1
   [3]:
      1,0
   [4]:
      3,3,5,6
   [5]:
      [1]:
         1,0
[20]:
   [1]:
      1,1
   [2]:
      1,2
   [3]:
      1,0
   [4]:
      3,5,6,8
   [5]:
      [1]:
         1,0
[21]:
   [1]:
      1,1
   [2]:
      1,3
   [3]:
      1,0
   [4]:
      3,6,6,8
   [5]:
      [1]:
         1,0
      [2]:
         1,1
[22]:
   [1]:
      1,1
   [2]:
      2,1
   [3]:
      1,0
   [4]:
      3,5,7,8
   [5]:
      [1]:
         1,0
[23]:
   [1]:
      1,1
   [2]:
      2,2
   [3]:
      1,0
   [4]:
      3,8,9,11
   [5]:
      [1]:
         1,0
[24]:
   [1]:
      1,1
   [2]:
      2,3
   [3]:
      1,0
   [4]:
      3,9,9,12
   [5]:
      [1]:
         1,0
[25]:
   [1]:
      1,1
   [2]:
      3,1
   [3]:
      1,0
   [4]:
      3,6,8,9
   [5]:
      [1]:
         1,0
[26]:
   [1]:
      1,1
   [2]:
      3,2
   [3]:
      1,0
   [4]:
      3,9,10,12
   [5]:
      [1]:
         1,0
[27]:
   [1]:
      1,1
   [2]:
      3,3
   [3]:
      1,0
   [4]:
      3,10,10,13
   [5]:
      [1]:
         1,0
[28]:
   [1]:
      1,1
   [2]:
      1,1
   [3]:
      1,1
   [4]:
      3,3,3,3
   [5]:
      [1]:
         1,-1
[29]:
   [1]:
      1,1
   [2]:
      1,2
   [3]:
      1,1
   [4]:
      3,5,5,6
   [5]:
      [1]:
         1,-1
      [2]:
         1,0
[30]:
   [1]:
      1,1
   [2]:
      1,3
   [3]:
      1,1
   [4]:
      3,6,6,8
   [5]:
      [1]:
         1,-1
      [2]:
         1,0
[31]:
   [1]:
      1,1
   [2]:
      2,1
   [3]:
      1,1
   [4]:
      3,5,5,6
   [5]:
      [1]:
         1,-1
      [2]:
         1,0
[32]:
   [1]:
      1,1
   [2]:
      2,2
   [3]:
      1,1
   [4]:
      3,8,8,10
   [5]:
      [1]:
         1,-1
      [2]:
         1,0
[33]:
   [1]:
      1,1
   [2]:
      2,3
   [3]:
      1,1
   [4]:
      3,9,9,12
   [5]:
      [1]:
         1,0
[34]:
   [1]:
      1,1
   [2]:
      3,1
   [3]:
      1,1
   [4]:
      3,6,6,8
   [5]:
      [1]:
         1,-1
      [2]:
         1,0
[35]:
   [1]:
      1,1
   [2]:
      3,2
   [3]:
      1,1
   [4]:
      3,9,9,12
   [5]:
      [1]:
         1,0
[36]:
   [1]:
      1,1
   [2]:
      3,3
   [3]:
      1,1
   [4]:
      3,10,10,13
   [5]:
      [1]:
         1,0
[37]:
   [1]:
      1,2
   [2]:
      1,1
   [3]:
      0,0
   [4]:
      5,3,8,8
   [5]:
      [1]:
         1,0
[38]:
   [1]:
      1,2
   [2]:
      1,2
   [3]:
      0,0
   [4]:
      5,5,9,10
   [5]:
      [1]:
         1,0
[39]:
   [1]:
      1,2
   [2]:
      1,3
   [3]:
      0,0
   [4]:
      5,6,9,11
   [5]:
      [1]:
         1,0
[40]:
   [1]:
      1,2
   [2]:
      2,1
   [3]:
      0,0
   [4]:
      5,5,9,10
   [5]:
      [1]:
         1,0
[41]:
   [1]:
      1,2
   [2]:
      2,2
   [3]:
      0,0
   [4]:
      5,8,10,13
   [5]:
      [1]:
         1,0
[42]:
   [1]:
      1,2
   [2]:
      2,3
   [3]:
      0,0
   [4]:
      5,9,10,14
   [5]:
      [1]:
         1,0
[43]:
   [1]:
      1,2
   [2]:
      3,1
   [3]:
      0,0
   [4]:
      5,6,9,11
   [5]:
      [1]:
         1,0
[44]:
   [1]:
      1,2
   [2]:
      3,2
   [3]:
      0,0
   [4]:
      5,9,10,14
   [5]:
      [1]:
         1,0
[45]:
   [1]:
      1,2
   [2]:
      3,3
   [3]:
      0,0
   [4]:
      5,10,10,15
   [5]:
      [1]:
         1,0
[46]:
   [1]:
      1,2
   [2]:
      1,1
   [3]:
      0,1
   [4]:
      5,3,7,8
   [5]:
      [1]:
         1,0
[47]:
   [1]:
      1,2
   [2]:
      1,2
   [3]:
      0,1
   [4]:
      5,5,9,10
   [5]:
      [1]:
         1,0
[48]:
   [1]:
      1,2
   [2]:
      1,3
   [3]:
      0,1
   [4]:
      5,6,9,11
   [5]:
      [1]:
         1,0
[49]:
   [1]:
      1,2
   [2]:
      2,1
   [3]:
      0,1
   [4]:
      5,5,8,10
   [5]:
      [1]:
         1,0
[50]:
   [1]:
      1,2
   [2]:
      2,2
   [3]:
      0,1
   [4]:
      5,8,10,13
   [5]:
      [1]:
         1,0
[51]:
   [1]:
      1,2
   [2]:
      2,3
   [3]:
      0,1
   [4]:
      5,9,10,14
   [5]:
      [1]:
         1,0
[52]:
   [1]:
      1,2
   [2]:
      3,1
   [3]:
      0,1
   [4]:
      5,6,8,11
   [5]:
      [1]:
         1,0
[53]:
   [1]:
      1,2
   [2]:
      3,2
   [3]:
      0,1
   [4]:
      5,9,10,14
   [5]:
      [1]:
         1,0
[54]:
   [1]:
      1,2
   [2]:
      3,3
   [3]:
      0,1
   [4]:
      5,10,10,15
   [5]:
      [1]:
         1,0
[55]:
   [1]:
      1,2
   [2]:
      1,2
   [3]:
      0,2
   [4]:
      5,5,8,10
   [5]:
      [1]:
         1,0
[56]:
   [1]:
      1,2
   [2]:
      1,3
   [3]:
      0,2
   [4]:
      5,6,9,11
   [5]:
      [1]:
         1,0
[57]:
   [1]:
      1,2
   [2]:
      2,2
   [3]:
      0,2
   [4]:
      5,8,9,13
   [5]:
      [1]:
         1,0
[58]:
   [1]:
      1,2
   [2]:
      2,3
   [3]:
      0,2
   [4]:
      5,9,10,14
   [5]:
      [1]:
         1,0
[59]:
   [1]:
      1,2
   [2]:
      3,2
   [3]:
      0,2
   [4]:
      5,9,9,13
   [5]:
      [1]:
         1,0
      [2]:
         1,1
[60]:
   [1]:
      1,2
   [2]:
      3,3
   [3]:
      0,2
   [4]:
      5,10,10,15
   [5]:
      [1]:
         1,0
[61]:
   [1]:
      1,2
   [2]:
      1,1
   [3]:
      1,0
   [4]:
      5,3,6,8
   [5]:
      [1]:
         1,0
[62]:
   [1]:
      1,2
   [2]:
      1,2
   [3]:
      1,0
   [4]:
      5,5,6,9
   [5]:
      [1]:
         1,0
      [2]:
         1,1
[63]:
   [1]:
      1,2
   [2]:
      1,3
   [3]:
      1,0
   [4]:
      5,6,6,8
   [5]:
      [1]:
         1,0
      [2]:
         1,1
[64]:
   [1]:
      1,2
   [2]:
      2,1
   [3]:
      1,0
   [4]:
      5,5,8,10
   [5]:
      [1]:
         1,0
[65]:
   [1]:
      1,2
   [2]:
      2,2
   [3]:
      1,0
   [4]:
      5,8,9,13
   [5]:
      [1]:
         1,0
[66]:
   [1]:
      1,2
   [2]:
      2,3
   [3]:
      1,0
   [4]:
      5,9,9,13
   [5]:
      [1]:
         1,0
      [2]:
         1,1
[67]:
   [1]:
      1,2
   [2]:
      3,1
   [3]:
      1,0
   [4]:
      5,6,9,11
   [5]:
      [1]:
         1,0
[68]:
   [1]:
      1,2
   [2]:
      3,2
   [3]:
      1,0
   [4]:
      5,9,10,14
   [5]:
      [1]:
         1,0
[69]:
   [1]:
      1,2
   [2]:
      3,3
   [3]:
      1,0
   [4]:
      5,10,10,15
   [5]:
      [1]:
         1,0
[70]:
   [1]:
      1,2
   [2]:
      1,1
   [3]:
      1,1
   [4]:
      5,3,5,6
   [5]:
      [1]:
         1,-1
[71]:
   [1]:
      1,2
   [2]:
      1,2
   [3]:
      1,1
   [4]:
      5,5,6,8
   [5]:
      [1]:
         1,-1
      [2]:
         1,0
[72]:
   [1]:
      1,2
   [2]:
      1,3
   [3]:
      1,1
   [4]:
      5,6,6,9
   [5]:
      [1]:
         1,0
[73]:
   [1]:
      1,2
   [2]:
      2,1
   [3]:
      1,1
   [4]:
      5,5,7,9
   [5]:
      [1]:
         1,-1
      [2]:
         1,0
[74]:
   [1]:
      1,2
   [2]:
      2,2
   [3]:
      1,1
   [4]:
      5,8,9,12
   [5]:
      [1]:
         1,0
[75]:
   [1]:
      1,2
   [2]:
      2,3
   [3]:
      1,1
   [4]:
      5,9,9,14
   [5]:
      [1]:
         1,0
[76]:
   [1]:
      1,2
   [2]:
      3,1
   [3]:
      1,1
   [4]:
      5,6,8,11
   [5]:
      [1]:
         1,0
[77]:
   [1]:
      1,2
   [2]:
      3,2
   [3]:
      1,1
   [4]:
      5,9,10,14
   [5]:
      [1]:
         1,0
[78]:
   [1]:
      1,2
   [2]:
      3,3
   [3]:
      1,1
   [4]:
      5,10,10,15
   [5]:
      [1]:
         1,0
[79]:
   [1]:
      1,2
   [2]:
      1,2
   [3]:
      1,2
   [4]:
      5,5,5,5
   [5]:
      [1]:
         1,-1
[80]:
   [1]:
      1,2
   [2]:
      1,3
   [3]:
      1,2
   [4]:
      5,6,6,8
   [5]:
      [1]:
         1,-1
      [2]:
         1,0
[81]:
   [1]:
      1,2
   [2]:
      2,2
   [3]:
      1,2
   [4]:
      5,8,8,10
   [5]:
      [1]:
         1,-1
      [2]:
         1,0
[82]:
   [1]:
      1,2
   [2]:
      2,3
   [3]:
      1,2
   [4]:
      5,9,9,13
   [5]:
      [1]:
         1,-1
      [2]:
         1,0
[83]:
   [1]:
      1,2
   [2]:
      3,2
   [3]:
      1,2
   [4]:
      5,9,9,13
   [5]:
      [1]:
         1,-1
      [2]:
         1,0
[84]:
   [1]:
      1,2
   [2]:
      3,3
   [3]:
      1,2
   [4]:
      5,10,10,15
   [5]:
      [1]:
         1,0
[85]:
   [1]:
      1,3
   [2]:
      1,1
   [3]:
      0,0
   [4]:
      6,3,8,9
   [5]:
      [1]:
         1,0
[86]:
   [1]:
      1,3
   [2]:
      1,2
   [3]:
      0,0
   [4]:
      6,5,9,11
   [5]:
      [1]:
         1,0
[87]:
   [1]:
      1,3
   [2]:
      1,3
   [3]:
      0,0
   [4]:
      6,6,9,12
   [5]:
      [1]:
         1,0
[88]:
   [1]:
      1,3
   [2]:
      2,1
   [3]:
      0,0
   [4]:
      6,5,9,11
   [5]:
      [1]:
         1,0
[89]:
   [1]:
      1,3
   [2]:
      2,2
   [3]:
      0,0
   [4]:
      6,8,10,14
   [5]:
      [1]:
         1,0
[90]:
   [1]:
      1,3
   [2]:
      2,3
   [3]:
      0,0
   [4]:
      6,9,10,15
   [5]:
      [1]:
         1,0
[91]:
   [1]:
      1,3
   [2]:
      3,1
   [3]:
      0,0
   [4]:
      6,6,9,12
   [5]:
      [1]:
         1,0
[92]:
   [1]:
      1,3
   [2]:
      3,2
   [3]:
      0,0
   [4]:
      6,9,10,15
   [5]:
      [1]:
         1,0
[93]:
   [1]:
      1,3
   [2]:
      3,3
   [3]:
      0,0
   [4]:
      6,10,10,15
   [5]:
      [1]:
         1,-1
      [2]:
         1,0
[94]:
   [1]:
      1,3
   [2]:
      1,1
   [3]:
      0,1
   [4]:
      6,3,8,9
   [5]:
      [1]:
         1,0
[95]:
   [1]:
      1,3
   [2]:
      1,2
   [3]:
      0,1
   [4]:
      6,5,9,11
   [5]:
      [1]:
         1,0
[96]:
   [1]:
      1,3
   [2]:
      1,3
   [3]:
      0,1
   [4]:
      6,6,9,12
   [5]:
      [1]:
         1,0
[97]:
   [1]:
      1,3
   [2]:
      2,1
   [3]:
      0,1
   [4]:
      6,5,9,11
   [5]:
      [1]:
         1,0
[98]:
   [1]:
      1,3
   [2]:
      2,2
   [3]:
      0,1
   [4]:
      6,8,10,14
   [5]:
      [1]:
         1,0
[99]:
   [1]:
      1,3
   [2]:
      2,3
   [3]:
      0,1
   [4]:
      6,9,10,15
   [5]:
      [1]:
         1,0
[100]:
   [1]:
      1,3
   [2]:
      3,1
   [3]:
      0,1
   [4]:
      6,6,9,12
   [5]:
      [1]:
         1,0
[101]:
   [1]:
      1,3
   [2]:
      3,2
   [3]:
      0,1
   [4]:
      6,9,10,15
   [5]:
      [1]:
         1,0
[102]:
   [1]:
      1,3
   [2]:
      3,3
   [3]:
      0,1
   [4]:
      6,10,10,16
   [5]:
      [1]:
         1,0
[103]:
   [1]:
      1,3
   [2]:
      1,2
   [3]:
      0,2
   [4]:
      6,5,9,11
   [5]:
      [1]:
         1,0
[104]:
   [1]:
      1,3
   [2]:
      1,3
   [3]:
      0,2
   [4]:
      6,6,9,12
   [5]:
      [1]:
         1,0
[105]:
   [1]:
      1,3
   [2]:
      2,2
   [3]:
      0,2
   [4]:
      6,8,10,14
   [5]:
      [1]:
         1,0
[106]:
   [1]:
      1,3
   [2]:
      2,3
   [3]:
      0,2
   [4]:
      6,9,10,15
   [5]:
      [1]:
         1,0
[107]:
   [1]:
      1,3
   [2]:
      3,2
   [3]:
      0,2
   [4]:
      6,9,10,15
   [5]:
      [1]:
         1,0
[108]:
   [1]:
      1,3
   [2]:
      3,3
   [3]:
      0,2
   [4]:
      6,10,10,16
   [5]:
      [1]:
         1,0
[109]:
   [1]:
      1,3
   [2]:
      1,3
   [3]:
      0,3
   [4]:
      6,6,9,12
   [5]:
      [1]:
         1,0
[110]:
   [1]:
      1,3
   [2]:
      2,3
   [3]:
      0,3
   [4]:
      6,9,10,15
   [5]:
      [1]:
         1,0
[111]:
   [1]:
      1,3
   [2]:
      3,3
   [3]:
      0,3
   [4]:
      6,10,10,15
   [5]:
      [1]:
         1,0
      [2]:
         1,1
[112]:
   [1]:
      1,3
   [2]:
      1,1
   [3]:
      1,0
   [4]:
      6,3,6,8
   [5]:
      [1]:
         1,1
[113]:
   [1]:
      1,3
   [2]:
      1,2
   [3]:
      1,0
   [4]:
      6,5,6,8
   [5]:
      [1]:
         1,1
[114]:
   [1]:
      1,3
   [2]:
      1,3
   [3]:
      1,0
   [4]:
      6,6,6,6
   [5]:
      [1]:
         1,1
[115]:
   [1]:
      1,3
   [2]:
      2,1
   [3]:
      1,0
   [4]:
      6,5,8,11
   [5]:
      [1]:
         1,0
[116]:
   [1]:
      1,3
   [2]:
      2,2
   [3]:
      1,0
   [4]:
      6,8,9,13
   [5]:
      [1]:
         1,0
      [2]:
         1,1
[117]:
   [1]:
      1,3
   [2]:
      2,3
   [3]:
      1,0
   [4]:
      6,9,9,12
   [5]:
      [1]:
         1,0
      [2]:
         1,1
[118]:
   [1]:
      1,3
   [2]:
      3,1
   [3]:
      1,0
   [4]:
      6,6,9,12
   [5]:
      [1]:
         1,0
[119]:
   [1]:
      1,3
   [2]:
      3,2
   [3]:
      1,0
   [4]:
      6,9,10,15
   [5]:
      [1]:
         1,0
[120]:
   [1]:
      1,3
   [2]:
      3,3
   [3]:
      1,0
   [4]:
      6,10,10,15
   [5]:
      [1]:
         1,0
      [2]:
         1,1
[121]:
   [1]:
      1,3
   [2]:
      1,1
   [3]:
      1,1
   [4]:
      6,3,6,8
   [5]:
      [1]:
         1,-1
[122]:
   [1]:
      1,3
   [2]:
      1,3
   [3]:
      1,1
   [4]:
      6,6,6,9
   [5]:
      [1]:
         1,1
      [2]:
         2,-1
      [3]:
         2,1
[123]:
   [1]:
      1,3
   [2]:
      2,1
   [3]:
      1,1
   [4]:
      6,5,8,11
   [5]:
      [1]:
         1,0
[124]:
   [1]:
      1,3
   [2]:
      2,2
   [3]:
      1,1
   [4]:
      6,8,9,14
   [5]:
      [1]:
         1,0
[125]:
   [1]:
      1,3
   [2]:
      2,3
   [3]:
      1,1
   [4]:
      6,9,9,15
   [5]:
      [1]:
         1,0
[126]:
   [1]:
      1,3
   [2]:
      3,1
   [3]:
      1,1
   [4]:
      6,6,9,12
   [5]:
      [1]:
         1,0
[127]:
   [1]:
      1,3
   [2]:
      3,2
   [3]:
      1,1
   [4]:
      6,9,10,15
   [5]:
      [1]:
         1,0
[128]:
   [1]:
      1,3
   [2]:
      3,3
   [3]:
      1,1
   [4]:
      6,10,10,16
   [5]:
      [1]:
         1,0
[129]:
   [1]:
      1,3
   [2]:
      1,2
   [3]:
      1,2
   [4]:
      6,5,6,8
   [5]:
      [1]:
         1,-1
[130]:
   [1]:
      1,3
   [2]:
      1,3
   [3]:
      1,2
   [4]:
      6,6,6,9
   [5]:
      [1]:
         1,-1
      [2]:
         2,-1
      [3]:
         2,1
[131]:
   [1]:
      1,3
   [2]:
      2,2
   [3]:
      1,2
   [4]:
      6,8,9,13
   [5]:
      [1]:
         1,-1
      [2]:
         1,0
[132]:
   [1]:
      1,3
   [2]:
      2,3
   [3]:
      1,2
   [4]:
      6,9,9,15
   [5]:
      [1]:
         1,0
[133]:
   [1]:
      1,3
   [2]:
      3,2
   [3]:
      1,2
   [4]:
      6,9,10,15
   [5]:
      [1]:
         1,0
[134]:
   [1]:
      1,3
   [2]:
      3,3
   [3]:
      1,2
   [4]:
      6,10,10,16
   [5]:
      [1]:
         1,0
[135]:
   [1]:
      1,3
   [2]:
      1,3
   [3]:
      1,3
   [4]:
      6,6,6,6
   [5]:
      [1]:
         1,-1
[136]:
   [1]:
      1,3
   [2]:
      2,3
   [3]:
      1,3
   [4]:
      6,9,9,12
   [5]:
      [1]:
         1,-1
      [2]:
         1,0
[137]:
   [1]:
      1,3
   [2]:
      3,3
   [3]:
      1,3
   [4]:
      6,10,10,15
   [5]:
      [1]:
         1,-1
      [2]:
         1,0
[138]:
   [1]:
      2,2
   [2]:
      1,1
   [3]:
      0,0
   [4]:
      8,3,10,11
   [5]:
      [1]:
         1,0
[139]:
   [1]:
      2,2
   [2]:
      1,2
   [3]:
      0,0
   [4]:
      8,5,10,13
   [5]:
      [1]:
         1,0
[140]:
   [1]:
      2,2
   [2]:
      1,3
   [3]:
      0,0
   [4]:
      8,6,10,14
   [5]:
      [1]:
         1,0
[141]:
   [1]:
      2,2
   [2]:
      2,1
   [3]:
      0,0
   [4]:
      8,5,10,13
   [5]:
      [1]:
         1,0
[142]:
   [1]:
      2,2
   [2]:
      2,2
   [3]:
      0,0
   [4]:
      8,8,10,16
   [5]:
      [1]:
         1,0
[143]:
   [1]:
      2,2
   [2]:
      2,3
   [3]:
      0,0
   [4]:
      8,9,10,17
   [5]:
      [1]:
         1,0
[144]:
   [1]:
      2,2
   [2]:
      3,1
   [3]:
      0,0
   [4]:
      8,6,10,14
   [5]:
      [1]:
         1,0
[145]:
   [1]:
      2,2
   [2]:
      3,2
   [3]:
      0,0
   [4]:
      8,9,10,17
   [5]:
      [1]:
         1,0
[146]:
   [1]:
      2,2
   [2]:
      3,3
   [3]:
      0,0
   [4]:
      8,10,10,17
   [5]:
      [1]:
         1,-1
      [2]:
         1,0
[147]:
   [1]:
      2,2
   [2]:
      1,1
   [3]:
      0,1
   [4]:
      8,3,9,11
   [5]:
      [1]:
         1,0
[148]:
   [1]:
      2,2
   [2]:
      1,2
   [3]:
      0,1
   [4]:
      8,5,10,13
   [5]:
      [1]:
         1,0
[149]:
   [1]:
      2,2
   [2]:
      1,3
   [3]:
      0,1
   [4]:
      8,6,10,14
   [5]:
      [1]:
         1,0
[150]:
   [1]:
      2,2
   [2]:
      2,1
   [3]:
      0,1
   [4]:
      8,5,9,13
   [5]:
      [1]:
         1,0
[151]:
   [1]:
      2,2
   [2]:
      2,2
   [3]:
      0,1
   [4]:
      8,8,10,16
   [5]:
      [1]:
         1,0
[152]:
   [1]:
      2,2
   [2]:
      2,3
   [3]:
      0,1
   [4]:
      8,9,10,17
   [5]:
      [1]:
         1,0
[153]:
   [1]:
      2,2
   [2]:
      3,1
   [3]:
      0,1
   [4]:
      8,6,9,13
   [5]:
      [1]:
         1,0
      [2]:
         1,1
[154]:
   [1]:
      2,2
   [2]:
      3,2
   [3]:
      0,1
   [4]:
      8,9,10,16
   [5]:
      [1]:
         1,0
[155]:
   [1]:
      2,2
   [2]:
      3,3
   [3]:
      0,1
   [4]:
      8,10,10,18
   [5]:
      [1]:
         1,0
[156]:
   [1]:
      2,2
   [2]:
      1,2
   [3]:
      0,2
   [4]:
      8,5,9,13
   [5]:
      [1]:
         1,0
[157]:
   [1]:
      2,2
   [2]:
      1,3
   [3]:
      0,2
   [4]:
      8,6,10,14
   [5]:
      [1]:
         1,0
[158]:
   [1]:
      2,2
   [2]:
      2,2
   [3]:
      0,2
   [4]:
      8,8,9,15
   [5]:
      [1]:
         1,0
      [2]:
         1,1
[159]:
   [1]:
      2,2
   [2]:
      2,3
   [3]:
      0,2
   [4]:
      8,9,10,17
   [5]:
      [1]:
         1,0
[160]:
   [1]:
      2,2
   [2]:
      3,2
   [3]:
      0,2
   [4]:
      8,9,9,13
   [5]:
      [1]:
         1,0
      [2]:
         1,1
[161]:
   [1]:
      2,2
   [2]:
      3,3
   [3]:
      0,2
   [4]:
      8,10,10,17
   [5]:
      [1]:
         1,0
      [2]:
         1,1
[162]:
   [1]:
      2,2
   [2]:
      1,1
   [3]:
      1,0
   [4]:
      8,3,9,11
   [5]:
      [1]:
         1,0
[163]:
   [1]:
      2,2
   [2]:
      1,2
   [3]:
      1,0
   [4]:
      8,5,9,13
   [5]:
      [1]:
         1,0
[164]:
   [1]:
      2,2
   [2]:
      1,3
   [3]:
      1,0
   [4]:
      8,6,9,13
   [5]:
      [1]:
         1,0
      [2]:
         1,1
[165]:
   [1]:
      2,2
   [2]:
      2,1
   [3]:
      1,0
   [4]:
      8,5,10,13
   [5]:
      [1]:
         1,0
[166]:
   [1]:
      2,2
   [2]:
      2,2
   [3]:
      1,0
   [4]:
      8,8,10,16
   [5]:
      [1]:
         1,0
[167]:
   [1]:
      2,2
   [2]:
      2,3
   [3]:
      1,0
   [4]:
      8,9,10,16
   [5]:
      [1]:
         1,0
[168]:
   [1]:
      2,2
   [2]:
      3,1
   [3]:
      1,0
   [4]:
      8,6,10,14
   [5]:
      [1]:
         1,0
[169]:
   [1]:
      2,2
   [2]:
      3,2
   [3]:
      1,0
   [4]:
      8,9,10,17
   [5]:
      [1]:
         1,0
[170]:
   [1]:
      2,2
   [2]:
      3,3
   [3]:
      1,0
   [4]:
      8,10,10,18
   [5]:
      [1]:
         1,0
[171]:
   [1]:
      2,2
   [2]:
      1,1
   [3]:
      1,1
   [4]:
      8,3,8,10
   [5]:
      [1]:
         1,-1
[172]:
   [1]:
      2,2
   [2]:
      1,2
   [3]:
      1,1
   [4]:
      8,5,9,12
   [5]:
      [1]:
         1,0
[173]:
   [1]:
      2,2
   [2]:
      1,3
   [3]:
      1,1
   [4]:
      8,6,9,14
   [5]:
      [1]:
         1,0
[174]:
   [1]:
      2,2
   [2]:
      2,1
   [3]:
      1,1
   [4]:
      8,5,9,12
   [5]:
      [1]:
         1,0
[175]:
   [1]:
      2,2
   [2]:
      2,2
   [3]:
      1,1
   [4]:
      8,8,10,15
   [5]:
      [1]:
         1,0
[176]:
   [1]:
      2,2
   [2]:
      2,3
   [3]:
      1,1
   [4]:
      8,9,10,17
   [5]:
      [1]:
         1,0
[177]:
   [1]:
      2,2
   [2]:
      3,1
   [3]:
      1,1
   [4]:
      8,6,9,14
   [5]:
      [1]:
         1,0
[178]:
   [1]:
      2,2
   [2]:
      3,2
   [3]:
      1,1
   [4]:
      8,9,10,17
   [5]:
      [1]:
         1,0
[179]:
   [1]:
      2,2
   [2]:
      3,3
   [3]:
      1,1
   [4]:
      8,10,10,18
   [5]:
      [1]:
         1,0
[180]:
   [1]:
      2,2
   [2]:
      1,2
   [3]:
      1,2
   [4]:
      8,5,8,10
   [5]:
      [1]:
         1,-1
[181]:
   [1]:
      2,2
   [2]:
      1,3
   [3]:
      1,2
   [4]:
      8,6,9,13
   [5]:
      [1]:
         1,-1
      [2]:
         1,0
[182]:
   [1]:
      2,2
   [2]:
      2,2
   [3]:
      1,2
   [4]:
      8,8,9,13
   [5]:
      [1]:
         1,-1
      [2]:
         1,0
[183]:
   [1]:
      2,2
   [2]:
      2,3
   [3]:
      1,2
   [4]:
      8,9,10,16
   [5]:
      [1]:
         1,0
[184]:
   [1]:
      2,2
   [2]:
      3,2
   [3]:
      1,2
   [4]:
      8,9,9,15
   [5]:
      [1]:
         1,0
[185]:
   [1]:
      2,2
   [2]:
      3,3
   [3]:
      1,2
   [4]:
      8,10,10,18
   [5]:
      [1]:
         1,0
[186]:
   [1]:
      2,2
   [2]:
      2,1
   [3]:
      2,0
   [4]:
      8,5,9,13
   [5]:
      [1]:
         1,0
[187]:
   [1]:
      2,2
   [2]:
      2,2
   [3]:
      2,0
   [4]:
      8,8,9,15
   [5]:
      [1]:
         1,0
      [2]:
         1,1
[188]:
   [1]:
      2,2
   [2]:
      2,3
   [3]:
      2,0
   [4]:
      8,9,9,13
   [5]:
      [1]:
         1,0
      [2]:
         1,1
[189]:
   [1]:
      2,2
   [2]:
      3,1
   [3]:
      2,0
   [4]:
      8,6,10,14
   [5]:
      [1]:
         1,0
[190]:
   [1]:
      2,2
   [2]:
      3,2
   [3]:
      2,0
   [4]:
      8,9,10,17
   [5]:
      [1]:
         1,0
[191]:
   [1]:
      2,2
   [2]:
      3,3
   [3]:
      2,0
   [4]:
      8,10,10,17
   [5]:
      [1]:
         1,0
      [2]:
         1,1
[192]:
   [1]:
      2,2
   [2]:
      2,1
   [3]:
      2,1
   [4]:
      8,5,8,10
   [5]:
      [1]:
         1,-1
[193]:
   [1]:
      2,2
   [2]:
      2,2
   [3]:
      2,1
   [4]:
      8,8,9,13
   [5]:
      [1]:
         1,-1
      [2]:
         1,0
[194]:
   [1]:
      2,2
   [2]:
      2,3
   [3]:
      2,1
   [4]:
      8,9,9,15
   [5]:
      [1]:
         1,0
[195]:
   [1]:
      2,2
   [2]:
      3,1
   [3]:
      2,1
   [4]:
      8,6,9,13
   [5]:
      [1]:
         1,-1
      [2]:
         1,0
[196]:
   [1]:
      2,2
   [2]:
      3,2
   [3]:
      2,1
   [4]:
      8,9,10,16
   [5]:
      [1]:
         1,0
[197]:
   [1]:
      2,2
   [2]:
      3,3
   [3]:
      2,1
   [4]:
      8,10,10,18
   [5]:
      [1]:
         1,0
[198]:
   [1]:
      2,2
   [2]:
      2,2
   [3]:
      2,2
   [4]:
      8,8,8,8
   [5]:
      [1]:
         1,-1
[199]:
   [1]:
      2,2
   [2]:
      2,3
   [3]:
      2,2
   [4]:
      8,9,9,13
   [5]:
      [1]:
         1,-1
      [2]:
         1,0
[200]:
   [1]:
      2,2
   [2]:
      3,2
   [3]:
      2,2
   [4]:
      8,9,9,13
   [5]:
      [1]:
         1,-1
      [2]:
         1,0
[201]:
   [1]:
      2,2
   [2]:
      3,3
   [3]:
      2,2
   [4]:
      8,10,10,17
   [5]:
      [1]:
         1,-1
      [2]:
         1,0
[202]:
   [1]:
      2,3
   [2]:
      1,1
   [3]:
      0,0
   [4]:
      9,3,10,12
   [5]:
      [1]:
         1,0
[203]:
   [1]:
      2,3
   [2]:
      1,2
   [3]:
      0,0
   [4]:
      9,5,10,14
   [5]:
      [1]:
         1,0
[204]:
   [1]:
      2,3
   [2]:
      1,3
   [3]:
      0,0
   [4]:
      9,6,10,15
   [5]:
      [1]:
         1,0
[205]:
   [1]:
      2,3
   [2]:
      2,1
   [3]:
      0,0
   [4]:
      9,5,10,14
   [5]:
      [1]:
         1,0
[206]:
   [1]:
      2,3
   [2]:
      2,2
   [3]:
      0,0
   [4]:
      9,8,10,17
   [5]:
      [1]:
         1,0
[207]:
   [1]:
      2,3
   [2]:
      2,3
   [3]:
      0,0
   [4]:
      9,9,10,17
   [5]:
      [1]:
         1,-1
      [2]:
         1,0
[208]:
   [1]:
      2,3
   [2]:
      3,1
   [3]:
      0,0
   [4]:
      9,6,10,15
   [5]:
      [1]:
         1,0
[209]:
   [1]:
      2,3
   [2]:
      3,2
   [3]:
      0,0
   [4]:
      9,9,10,17
   [5]:
      [1]:
         1,-1
      [2]:
         1,0
[210]:
   [1]:
      2,3
   [2]:
      3,3
   [3]:
      0,0
   [4]:
      9,10,10,15
   [5]:
      [1]:
         1,-1
      [2]:
         1,0
[211]:
   [1]:
      2,3
   [2]:
      1,1
   [3]:
      0,1
   [4]:
      9,3,10,12
   [5]:
      [1]:
         1,0
[212]:
   [1]:
      2,3
   [2]:
      1,2
   [3]:
      0,1
   [4]:
      9,5,10,14
   [5]:
      [1]:
         1,0
[213]:
   [1]:
      2,3
   [2]:
      1,3
   [3]:
      0,1
   [4]:
      9,6,10,15
   [5]:
      [1]:
         1,0
[214]:
   [1]:
      2,3
   [2]:
      2,1
   [3]:
      0,1
   [4]:
      9,5,10,14
   [5]:
      [1]:
         1,0
[215]:
   [1]:
      2,3
   [2]:
      2,2
   [3]:
      0,1
   [4]:
      9,8,10,17
   [5]:
      [1]:
         1,0
[216]:
   [1]:
      2,3
   [2]:
      2,3
   [3]:
      0,1
   [4]:
      9,9,10,18
   [5]:
      [1]:
         1,0
[217]:
   [1]:
      2,3
   [2]:
      3,1
   [3]:
      0,1
   [4]:
      9,6,10,15
   [5]:
      [1]:
         1,0
[218]:
   [1]:
      2,3
   [2]:
      3,2
   [3]:
      0,1
   [4]:
      9,9,10,18
   [5]:
      [1]:
         1,0
[219]:
   [1]:
      2,3
   [2]:
      3,3
   [3]:
      0,1
   [4]:
      9,10,10,19
   [5]:
      [1]:
         1,0
[220]:
   [1]:
      2,3
   [2]:
      1,2
   [3]:
      0,2
   [4]:
      9,5,10,14
   [5]:
      [1]:
         1,0
[221]:
   [1]:
      2,3
   [2]:
      1,3
   [3]:
      0,2
   [4]:
      9,6,10,15
   [5]:
      [1]:
         1,0
[222]:
   [1]:
      2,3
   [2]:
      2,2
   [3]:
      0,2
   [4]:
      9,8,10,17
   [5]:
      [1]:
         1,0
[223]:
   [1]:
      2,3
   [2]:
      2,3
   [3]:
      0,2
   [4]:
      9,9,10,18
   [5]:
      [1]:
         1,0
[224]:
   [1]:
      2,3
   [2]:
      3,2
   [3]:
      0,2
   [4]:
      9,9,10,17
   [5]:
      [1]:
         1,0
      [2]:
         1,1
[225]:
   [1]:
      2,3
   [2]:
      3,3
   [3]:
      0,2
   [4]:
      9,10,10,19
   [5]:
      [1]:
         1,0
[226]:
   [1]:
      2,3
   [2]:
      1,3
   [3]:
      0,3
   [4]:
      9,6,10,15
   [5]:
      [1]:
         1,0
[227]:
   [1]:
      2,3
   [2]:
      2,3
   [3]:
      0,3
   [4]:
      9,9,10,17
   [5]:
      [1]:
         1,0
      [2]:
         1,1
[228]:
   [1]:
      2,3
   [2]:
      3,3
   [3]:
      0,3
   [4]:
      9,10,10,15
   [5]:
      [1]:
         1,0
      [2]:
         1,1
[229]:
   [1]:
      2,3
   [2]:
      1,2
   [3]:
      1,0
   [4]:
      9,5,9,13
   [5]:
      [1]:
         1,1
[230]:
   [1]:
      2,3
   [2]:
      1,3
   [3]:
      1,0
   [4]:
      9,6,9,12
   [5]:
      [1]:
         1,1
[231]:
   [1]:
      2,3
   [2]:
      2,1
   [3]:
      1,0
   [4]:
      9,5,10,14
   [5]:
      [1]:
         1,0
[232]:
   [1]:
      2,3
   [2]:
      2,2
   [3]:
      1,0
   [4]:
      9,8,10,16
   [5]:
      [1]:
         1,0
[233]:
   [1]:
      2,3
   [2]:
      2,3
   [3]:
      1,0
   [4]:
      9,9,10,15
   [5]:
      [1]:
         1,0
      [2]:
         1,1
[234]:
   [1]:
      2,3
   [2]:
      3,1
   [3]:
      1,0
   [4]:
      9,6,10,15
   [5]:
      [1]:
         1,0
[235]:
   [1]:
      2,3
   [2]:
      3,2
   [3]:
      1,0
   [4]:
      9,9,10,18
   [5]:
      [1]:
         1,0
[236]:
   [1]:
      2,3
   [2]:
      3,3
   [3]:
      1,0
   [4]:
      9,10,10,17
   [5]:
      [1]:
         1,0
[237]:
   [1]:
      2,3
   [2]:
      2,1
   [3]:
      1,1
   [4]:
      9,5,10,14
   [5]:
      [1]:
         1,0
[238]:
   [1]:
      2,3
   [2]:
      2,2
   [3]:
      1,1
   [4]:
      9,8,10,17
   [5]:
      [1]:
         1,0
[239]:
   [1]:
      2,3
   [2]:
      2,3
   [3]:
      1,1
   [4]:
      9,9,10,18
   [5]:
      [1]:
         1,0
[240]:
   [1]:
      2,3
   [2]:
      3,1
   [3]:
      1,1
   [4]:
      9,6,10,15
   [5]:
      [1]:
         1,0
[241]:
   [1]:
      2,3
   [2]:
      3,2
   [3]:
      1,1
   [4]:
      9,9,10,18
   [5]:
      [1]:
         1,0
[242]:
   [1]:
      2,3
   [2]:
      3,3
   [3]:
      1,1
   [4]:
      9,10,10,19
   [5]:
      [1]:
         1,0
[243]:
   [1]:
      2,3
   [2]:
      1,2
   [3]:
      1,2
   [4]:
      9,5,9,13
   [5]:
      [1]:
         1,-1
[244]:
   [1]:
      2,3
   [2]:
      2,2
   [3]:
      1,2
   [4]:
      9,8,10,16
   [5]:
      [1]:
         1,0
[245]:
   [1]:
      2,3
   [2]:
      2,3
   [3]:
      1,2
   [4]:
      9,9,10,18
   [5]:
      [1]:
         1,0
[246]:
   [1]:
      2,3
   [2]:
      3,2
   [3]:
      1,2
   [4]:
      9,9,10,18
   [5]:
      [1]:
         1,0
[247]:
   [1]:
      2,3
   [2]:
      3,3
   [3]:
      1,2
   [4]:
      9,10,10,19
   [5]:
      [1]:
         1,0
[248]:
   [1]:
      2,3
   [2]:
      1,3
   [3]:
      1,3
   [4]:
      9,6,9,12
   [5]:
      [1]:
         1,-1
[249]:
   [1]:
      2,3
   [2]:
      2,3
   [3]:
      1,3
   [4]:
      9,9,10,15
   [5]:
      [1]:
         1,-1
      [2]:
         1,0
[250]:
   [1]:
      2,3
   [2]:
      3,3
   [3]:
      1,3
   [4]:
      9,10,10,17
   [5]:
      [1]:
         1,0
[251]:
   [1]:
      2,3
   [2]:
      2,1
   [3]:
      2,0
   [4]:
      9,5,9,13
   [5]:
      [1]:
         1,1
[252]:
   [1]:
      2,3
   [2]:
      2,2
   [3]:
      2,0
   [4]:
      9,8,9,13
   [5]:
      [1]:
         1,1
[253]:
   [1]:
      2,3
   [2]:
      2,3
   [3]:
      2,0
   [4]:
      9,9,9,9
   [5]:
      [1]:
         1,1
[254]:
   [1]:
      2,3
   [2]:
      3,1
   [3]:
      2,0
   [4]:
      9,6,10,15
   [5]:
      [1]:
         1,0
[255]:
   [1]:
      2,3
   [2]:
      3,2
   [3]:
      2,0
   [4]:
      9,9,10,17
   [5]:
      [1]:
         1,0
      [2]:
         1,1
[256]:
   [1]:
      2,3
   [2]:
      3,3
   [3]:
      2,0
   [4]:
      9,10,10,15
   [5]:
      [1]:
         1,0
      [2]:
         1,1
[257]:
   [1]:
      2,3
   [2]:
      2,1
   [3]:
      2,1
   [4]:
      9,5,9,13
   [5]:
      [1]:
         1,-1
[258]:
   [1]:
      2,3
   [2]:
      2,3
   [3]:
      2,1
   [4]:
      9,9,9,15
   [5]:
      [1]:
         1,1
      [2]:
         2,-1
      [3]:
         2,1
[259]:
   [1]:
      2,3
   [2]:
      3,1
   [3]:
      2,1
   [4]:
      9,6,10,15
   [5]:
      [1]:
         1,0
[260]:
   [1]:
      2,3
   [2]:
      3,2
   [3]:
      2,1
   [4]:
      9,9,10,18
   [5]:
      [1]:
         1,0
[261]:
   [1]:
      2,3
   [2]:
      3,3
   [3]:
      2,1
   [4]:
      9,10,10,19
   [5]:
      [1]:
         1,0
[262]:
   [1]:
      2,3
   [2]:
      2,2
   [3]:
      2,2
   [4]:
      9,8,9,13
   [5]:
      [1]:
         1,-1
[263]:
   [1]:
      2,3
   [2]:
      2,3
   [3]:
      2,2
   [4]:
      9,9,9,15
   [5]:
      [1]:
         1,-1
      [2]:
         2,-1
      [3]:
         2,1
[264]:
   [1]:
      2,3
   [2]:
      3,2
   [3]:
      2,2
   [4]:
      9,9,10,17
   [5]:
      [1]:
         1,-1
      [2]:
         1,0
[265]:
   [1]:
      2,3
   [2]:
      3,3
   [3]:
      2,2
   [4]:
      9,10,10,19
   [5]:
      [1]:
         1,0
[266]:
   [1]:
      2,3
   [2]:
      2,3
   [3]:
      2,3
   [4]:
      9,9,9,9
   [5]:
      [1]:
         1,-1
[267]:
   [1]:
      2,3
   [2]:
      3,3
   [3]:
      2,3
   [4]:
      9,10,10,15
   [5]:
      [1]:
         1,-1
      [2]:
         1,0
[268]:
   [1]:
      3,3
   [2]:
      1,3
   [3]:
      0,0
   [4]:
      10,6,10,15
   [5]:
      [1]:
         1,-1
[269]:
   [1]:
      3,3
   [2]:
      2,2
   [3]:
      0,0
   [4]:
      10,8,10,17
   [5]:
      [1]:
         1,-1
[270]:
   [1]:
      3,3
   [2]:
      2,3
   [3]:
      0,0
   [4]:
      10,9,10,15
   [5]:
      [1]:
         1,-1
[271]:
   [1]:
      3,3
   [2]:
      3,1
   [3]:
      0,0
   [4]:
      10,6,10,15
   [5]:
      [1]:
         1,-1
[272]:
   [1]:
      3,3
   [2]:
      3,2
   [3]:
      0,0
   [4]:
      10,9,10,15
   [5]:
      [1]:
         1,-1
[273]:
   [1]:
      3,3
   [2]:
      3,3
   [3]:
      0,0
   [4]:
      10,10,10,10
   [5]:
      [1]:
         1,-1
[274]:
   [1]:
      3,3
   [2]:
      3,1
   [3]:
      0,1
   [4]:
      10,6,10,15
   [5]:
      [1]:
         1,1
[275]:
   [1]:
      3,3
   [2]:
      3,3
   [3]:
      0,1
   [4]:
      10,10,10,17
   [5]:
      [1]:
         1,-1
      [2]:
         2,-1
      [3]:
         2,1
[276]:
   [1]:
      3,3
   [2]:
      2,2
   [3]:
      0,2
   [4]:
      10,8,10,17
   [5]:
      [1]:
         1,1
[277]:
   [1]:
      3,3
   [2]:
      3,2
   [3]:
      0,2
   [4]:
      10,9,10,15
   [5]:
      [1]:
         1,1
[278]:
   [1]:
      3,3
   [2]:
      3,3
   [3]:
      0,2
   [4]:
      10,10,10,17
   [5]:
      [1]:
         1,1
      [2]:
         2,-1
      [3]:
         2,1
[279]:
   [1]:
      3,3
   [2]:
      1,3
   [3]:
      0,3
   [4]:
      10,6,10,15
   [5]:
      [1]:
         1,1
[280]:
   [1]:
      3,3
   [2]:
      2,3
   [3]:
      0,3
   [4]:
      10,9,10,15
   [5]:
      [1]:
         1,1
[281]:
   [1]:
      3,3
   [2]:
      3,3
   [3]:
      0,3
   [4]:
      10,10,10,10
   [5]:
      [1]:
         1,1
[282]:
   [1]:
      3,3
   [2]:
      1,3
   [3]:
      1,0
   [4]:
      10,6,10,15
   [5]:
      [1]:
         1,1
[283]:
   [1]:
      3,3
   [2]:
      3,3
   [3]:
      1,0
   [4]:
      10,10,10,17
   [5]:
      [1]:
         1,-1
      [2]:
         2,-1
      [3]:
         2,1
[284]:
   [1]:
      3,3
   [2]:
      1,3
   [3]:
      1,3
   [4]:
      10,6,10,15
   [5]:
      [1]:
         1,-1
[285]:
   [1]:
      3,3
   [2]:
      3,3
   [3]:
      1,3
   [4]:
      10,10,10,17
   [5]:
      [1]:
         1,1
      [2]:
         2,-1
      [3]:
         2,1
[286]:
   [1]:
      3,3
   [2]:
      2,2
   [3]:
      2,0
   [4]:
      10,8,10,17
   [5]:
      [1]:
         1,1
[287]:
   [1]:
      3,3
   [2]:
      2,3
   [3]:
      2,0
   [4]:
      10,9,10,15
   [5]:
      [1]:
         1,1
[288]:
   [1]:
      3,3
   [2]:
      3,3
   [3]:
      2,0
   [4]:
      10,10,10,17
   [5]:
      [1]:
         1,1
      [2]:
         2,-1
      [3]:
         2,1
[289]:
   [1]:
      3,3
   [2]:
      2,2
   [3]:
      2,2
   [4]:
      10,8,10,17
   [5]:
      [1]:
         1,-1
[290]:
   [1]:
      3,3
   [2]:
      2,3
   [3]:
      2,3
   [4]:
      10,9,10,15
   [5]:
      [1]:
         1,-1
[291]:
   [1]:
      3,3
   [2]:
      3,3
   [3]:
      2,3
   [4]:
      10,10,10,17
   [5]:
      [1]:
         1,-1
      [2]:
         2,-1
      [3]:
         2,1
[292]:
   [1]:
      3,3
   [2]:
      3,1
   [3]:
      3,0
   [4]:
      10,6,10,15
   [5]:
      [1]:
         1,1
[293]:
   [1]:
      3,3
   [2]:
      3,2
   [3]:
      3,0
   [4]:
      10,9,10,15
   [5]:
      [1]:
         1,1
[294]:
   [1]:
      3,3
   [2]:
      3,3
   [3]:
      3,0
   [4]:
      10,10,10,10
   [5]:
      [1]:
         1,1
[295]:
   [1]:
      3,3
   [2]:
      3,1
   [3]:
      3,1
   [4]:
      10,6,10,15
   [5]:
      [1]:
         1,-1
[296]:
   [1]:
      3,3
   [2]:
      3,3
   [3]:
      3,1
   [4]:
      10,10,10,17
   [5]:
      [1]:
         1,1
      [2]:
         2,-1
      [3]:
         2,1
[297]:
   [1]:
      3,3
   [2]:
      3,2
   [3]:
      3,2
   [4]:
      10,9,10,15
   [5]:
      [1]:
         1,-1
[298]:
   [1]:
      3,3
   [2]:
      3,3
   [3]:
      3,2
   [4]:
      10,10,10,17
   [5]:
      [1]:
         1,-1
      [2]:
         2,-1
      [3]:
         2,1
[299]:
   [1]:
      3,3
   [2]:
      3,3
   [3]:
      3,3
   [4]:
      10,10,10,10
   [5]:
      [1]:
         1,-1
