> compo2;
[1]:
   [1]:
      1,1
   [2]:
      1,3
   [3]:
      0,0
   [4]:
      3,6,8,9
   [5]:
      [1]:
         1,-1
      [2]:
         1,0
      [3]:
         2,-2
      [4]:
         2,0
      [5]:
         3,-3
      [6]:
         3,0
      [7]:
         4,-4
      [8]:
         4,0
      [9]:
         5,-5
      [10]:
         5,0
      [11]:
         6,-6
      [12]:
         6,0
      [13]:
         7,-7
      [14]:
         7,0
      [15]:
         8,-8
      [16]:
         8,0
      [17]:
         9,-9
      [18]:
         9,0
      [19]:
         10,-10
      [20]:
         10,0
[2]:
   [1]:
      1,1
   [2]:
      3,1
   [3]:
      0,0
   [4]:
      3,6,8,9
   [5]:
      [1]:
         1,-1
      [2]:
         1,0
      [3]:
         2,-2
      [4]:
         2,0
      [5]:
         3,-3
      [6]:
         3,0
      [7]:
         4,-4
      [8]:
         4,0
      [9]:
         5,-5
      [10]:
         5,0
      [11]:
         6,-6
      [12]:
         6,0
      [13]:
         7,-7
      [14]:
         7,0
      [15]:
         8,-8
      [16]:
         8,0
      [17]:
         9,-9
      [18]:
         9,0
      [19]:
         10,-10
      [20]:
         10,0
[3]:
   [1]:
      1,1
   [2]:
      1,1
   [3]:
      0,1
   [4]:
      3,3,5,6
   [5]:
      [1]:
         1,0
      [2]:
         1,1
      [3]:
         2,0
      [4]:
         2,2
      [5]:
         3,0
      [6]:
         3,3
      [7]:
         4,0
      [8]:
         4,4
      [9]:
         5,0
      [10]:
         5,5
      [11]:
         6,0
      [12]:
         6,6
      [13]:
         7,0
      [14]:
         7,7
      [15]:
         8,0
      [16]:
         8,8
      [17]:
         9,0
      [18]:
         9,9
      [19]:
         10,0
      [20]:
         10,10
[4]:
   [1]:
      1,1
   [2]:
      1,2
   [3]:
      0,1
   [4]:
      3,5,7,8
   [5]:
      [1]:
         1,0
      [2]:
         1,1
      [3]:
         2,0
      [4]:
         2,2
      [5]:
         3,0
      [6]:
         3,3
      [7]:
         4,0
      [8]:
         4,4
      [9]:
         5,0
      [10]:
         5,5
      [11]:
         6,0
      [12]:
         6,6
      [13]:
         7,0
      [14]:
         7,7
      [15]:
         8,0
      [16]:
         8,8
      [17]:
         9,0
      [18]:
         9,9
      [19]:
         10,0
      [20]:
         10,10
[5]:
   [1]:
      1,1
   [2]:
      1,3
   [3]:
      0,1
   [4]:
      3,6,8,9
   [5]:
      [1]:
         1,0
      [2]:
         1,1
      [3]:
         2,0
      [4]:
         2,2
      [5]:
         3,0
      [6]:
         3,3
      [7]:
         4,0
      [8]:
         4,4
      [9]:
         5,0
      [10]:
         5,5
      [11]:
         6,0
      [12]:
         6,6
      [13]:
         7,0
      [14]:
         7,7
      [15]:
         8,0
      [16]:
         8,8
      [17]:
         9,0
      [18]:
         9,9
      [19]:
         10,0
      [20]:
         10,10
[6]:
   [1]:
      1,1
   [2]:
      3,2
   [3]:
      0,1
   [4]:
      3,9,9,12
   [5]:
      [1]:
         1,0
      [2]:
         1,1
      [3]:
         2,0
      [4]:
         2,2
      [5]:
         3,0
      [6]:
         3,3
      [7]:
         4,0
      [8]:
         4,4
      [9]:
         5,0
      [10]:
         5,5
      [11]:
         6,0
      [12]:
         6,6
      [13]:
         7,0
      [14]:
         7,7
      [15]:
         8,0
      [16]:
         8,8
      [17]:
         9,0
      [18]:
         9,9
      [19]:
         10,0
      [20]:
         10,10
[7]:
   [1]:
      1,1
   [2]:
      1,1
   [3]:
      1,0
   [4]:
      3,3,5,6
   [5]:
      [1]:
         1,0
      [2]:
         1,1
      [3]:
         2,0
      [4]:
         2,2
      [5]:
         3,0
      [6]:
         3,3
      [7]:
         4,0
      [8]:
         4,4
      [9]:
         5,0
      [10]:
         5,5
      [11]:
         6,0
      [12]:
         6,6
      [13]:
         7,0
      [14]:
         7,7
      [15]:
         8,0
      [16]:
         8,8
      [17]:
         9,0
      [18]:
         9,9
      [19]:
         10,0
      [20]:
         10,10
[8]:
   [1]:
      1,1
   [2]:
      2,1
   [3]:
      1,0
   [4]:
      3,5,7,8
   [5]:
      [1]:
         1,0
      [2]:
         1,1
      [3]:
         2,0
      [4]:
         2,2
      [5]:
         3,0
      [6]:
         3,3
      [7]:
         4,0
      [8]:
         4,4
      [9]:
         5,0
      [10]:
         5,5
      [11]:
         6,0
      [12]:
         6,6
      [13]:
         7,0
      [14]:
         7,7
      [15]:
         8,0
      [16]:
         8,8
      [17]:
         9,0
      [18]:
         9,9
      [19]:
         10,0
      [20]:
         10,10
[9]:
   [1]:
      1,1
   [2]:
      2,3
   [3]:
      1,0
   [4]:
      3,9,9,12
   [5]:
      [1]:
         1,0
      [2]:
         1,1
      [3]:
         2,0
      [4]:
         2,2
      [5]:
         3,0
      [6]:
         3,3
      [7]:
         4,0
      [8]:
         4,4
      [9]:
         5,0
      [10]:
         5,5
      [11]:
         6,0
      [12]:
         6,6
      [13]:
         7,0
      [14]:
         7,7
      [15]:
         8,0
      [16]:
         8,8
      [17]:
         9,0
      [18]:
         9,9
      [19]:
         10,0
      [20]:
         10,10
[10]:
   [1]:
      1,1
   [2]:
      3,1
   [3]:
      1,0
   [4]:
      3,6,8,9
   [5]:
      [1]:
         1,0
      [2]:
         1,1
      [3]:
         2,0
      [4]:
         2,2
      [5]:
         3,0
      [6]:
         3,3
      [7]:
         4,0
      [8]:
         4,4
      [9]:
         5,0
      [10]:
         5,5
      [11]:
         6,0
      [12]:
         6,6
      [13]:
         7,0
      [14]:
         7,7
      [15]:
         8,0
      [16]:
         8,8
      [17]:
         9,0
      [18]:
         9,9
      [19]:
         10,0
      [20]:
         10,10
[11]:
   [1]:
      1,1
   [2]:
      1,2
   [3]:
      1,1
   [4]:
      3,5,5,6
   [5]:
      [1]:
         1,-1
      [2]:
         1,0
      [3]:
         2,-2
      [4]:
         2,0
      [5]:
         3,-3
      [6]:
         3,0
      [7]:
         4,-4
      [8]:
         4,0
      [9]:
         5,-5
      [10]:
         5,0
      [11]:
         6,-6
      [12]:
         6,0
      [13]:
         7,-7
      [14]:
         7,0
      [15]:
         8,-8
      [16]:
         8,0
      [17]:
         9,-9
      [18]:
         9,0
      [19]:
         10,-10
      [20]:
         10,0
[12]:
   [1]:
      1,1
   [2]:
      2,1
   [3]:
      1,1
   [4]:
      3,5,5,6
   [5]:
      [1]:
         1,-1
      [2]:
         1,0
      [3]:
         2,-2
      [4]:
         2,0
      [5]:
         3,-3
      [6]:
         3,0
      [7]:
         4,-4
      [8]:
         4,0
      [9]:
         5,-5
      [10]:
         5,0
      [11]:
         6,-6
      [12]:
         6,0
      [13]:
         7,-7
      [14]:
         7,0
      [15]:
         8,-8
      [16]:
         8,0
      [17]:
         9,-9
      [18]:
         9,0
      [19]:
         10,-10
      [20]:
         10,0
[13]:
   [1]:
      1,1
   [2]:
      2,2
   [3]:
      1,1
   [4]:
      3,8,8,10
   [5]:
      [1]:
         1,-1
      [2]:
         1,0
      [3]:
         2,-2
      [4]:
         2,0
      [5]:
         3,-3
      [6]:
         3,0
      [7]:
         4,-4
      [8]:
         4,0
      [9]:
         5,-5
      [10]:
         5,0
      [11]:
         6,-6
      [12]:
         6,0
      [13]:
         7,-7
      [14]:
         7,0
      [15]:
         8,-8
      [16]:
         8,0
      [17]:
         9,-9
      [18]:
         9,0
      [19]:
         10,-10
      [20]:
         10,0
[14]:
   [1]:
      1,1
   [2]:
      2,3
   [3]:
      1,1
   [4]:
      3,9,9,12
   [5]:
      [1]:
         1,-1
      [2]:
         1,0
      [3]:
         2,-2
      [4]:
         2,0
      [5]:
         3,-3
      [6]:
         3,0
      [7]:
         4,-4
      [8]:
         4,0
      [9]:
         5,-5
      [10]:
         5,0
      [11]:
         6,-6
      [12]:
         6,0
      [13]:
         7,-7
      [14]:
         7,0
      [15]:
         8,-8
      [16]:
         8,0
      [17]:
         9,-9
      [18]:
         9,0
      [19]:
         10,-10
      [20]:
         10,0
[15]:
   [1]:
      1,1
   [2]:
      3,2
   [3]:
      1,1
   [4]:
      3,9,9,12
   [5]:
      [1]:
         1,-1
      [2]:
         1,0
      [3]:
         2,-2
      [4]:
         2,0
      [5]:
         3,-3
      [6]:
         3,0
      [7]:
         4,-4
      [8]:
         4,0
      [9]:
         5,-5
      [10]:
         5,0
      [11]:
         6,-6
      [12]:
         6,0
      [13]:
         7,-7
      [14]:
         7,0
      [15]:
         8,-8
      [16]:
         8,0
      [17]:
         9,-9
      [18]:
         9,0
      [19]:
         10,-10
      [20]:
         10,0
[16]:
   [1]:
      1,2
   [2]:
      1,2
   [3]:
      0,0
   [4]:
      5,5,9,10
   [5]:
      [1]:
         1,-1
      [2]:
         1,0
      [3]:
         2,-2
      [4]:
         2,0
      [5]:
         3,-3
      [6]:
         3,0
      [7]:
         4,-4
      [8]:
         4,0
      [9]:
         5,-5
      [10]:
         5,0
      [11]:
         6,-6
      [12]:
         6,0
      [13]:
         7,-7
      [14]:
         7,0
      [15]:
         8,-8
      [16]:
         8,0
      [17]:
         9,-9
      [18]:
         9,0
      [19]:
         10,-10
      [20]:
         10,0
[17]:
   [1]:
      1,2
   [2]:
      1,3
   [3]:
      0,0
   [4]:
      5,6,9,11
   [5]:
      [1]:
         1,-1
      [2]:
         1,0
      [3]:
         2,-2
      [4]:
         2,0
      [5]:
         3,-3
      [6]:
         3,0
      [7]:
         4,-4
      [8]:
         4,0
      [9]:
         5,-5
      [10]:
         5,0
      [11]:
         6,-6
      [12]:
         6,0
      [13]:
         7,-7
      [14]:
         7,0
      [15]:
         8,-8
      [16]:
         8,0
      [17]:
         9,-9
      [18]:
         9,0
      [19]:
         10,-10
      [20]:
         10,0
[18]:
   [1]:
      1,2
   [2]:
      1,1
   [3]:
      0,1
   [4]:
      5,3,7,8
   [5]:
      [1]:
         1,0
      [2]:
         1,1
      [3]:
         2,0
      [4]:
         2,2
      [5]:
         3,0
      [6]:
         3,3
      [7]:
         4,0
      [8]:
         4,4
      [9]:
         5,0
      [10]:
         5,5
      [11]:
         6,0
      [12]:
         6,6
      [13]:
         7,0
      [14]:
         7,7
      [15]:
         8,0
      [16]:
         8,8
      [17]:
         9,0
      [18]:
         9,9
      [19]:
         10,0
      [20]:
         10,10
[19]:
   [1]:
      1,2
   [2]:
      1,2
   [3]:
      0,1
   [4]:
      5,5,9,10
   [5]:
      [1]:
         1,0
      [2]:
         1,1
      [3]:
         2,0
      [4]:
         2,2
      [5]:
         3,0
      [6]:
         3,3
      [7]:
         4,0
      [8]:
         4,4
      [9]:
         5,0
      [10]:
         5,5
      [11]:
         6,0
      [12]:
         6,6
      [13]:
         7,0
      [14]:
         7,7
      [15]:
         8,0
      [16]:
         8,8
      [17]:
         9,0
      [18]:
         9,9
      [19]:
         10,0
      [20]:
         10,10
[20]:
   [1]:
      1,2
   [2]:
      1,3
   [3]:
      0,1
   [4]:
      5,6,9,11
   [5]:
      [1]:
         1,0
      [2]:
         2,0
      [3]:
         3,0
      [4]:
         4,0
      [5]:
         5,0
      [6]:
         6,0
      [7]:
         7,0
      [8]:
         8,0
      [9]:
         9,0
      [10]:
         10,0
[21]:
   [1]:
      1,2
   [2]:
      3,1
   [3]:
      0,1
   [4]:
      5,6,8,11
   [5]:
      [1]:
         1,0
      [2]:
         1,1
      [3]:
         2,0
      [4]:
         2,2
      [5]:
         3,0
      [6]:
         3,3
      [7]:
         4,0
      [8]:
         4,4
      [9]:
         5,0
      [10]:
         5,5
      [11]:
         6,0
      [12]:
         6,6
      [13]:
         7,0
      [14]:
         7,7
      [15]:
         8,0
      [16]:
         8,8
      [17]:
         9,0
      [18]:
         9,9
      [19]:
         10,0
      [20]:
         10,10
[22]:
   [1]:
      1,2
   [2]:
      1,2
   [3]:
      0,2
   [4]:
      5,5,8,10
   [5]:
      [1]:
         1,0
      [2]:
         1,1
      [3]:
         2,0
      [4]:
         2,2
      [5]:
         3,0
      [6]:
         3,3
      [7]:
         4,0
      [8]:
         4,4
      [9]:
         5,0
      [10]:
         5,5
      [11]:
         6,0
      [12]:
         6,6
      [13]:
         7,0
      [14]:
         7,7
      [15]:
         8,0
      [16]:
         8,8
      [17]:
         9,0
      [18]:
         9,9
      [19]:
         10,0
      [20]:
         10,10
[23]:
   [1]:
      1,2
   [2]:
      1,3
   [3]:
      0,2
   [4]:
      5,6,9,11
   [5]:
      [1]:
         1,0
      [2]:
         1,1
      [3]:
         2,0
      [4]:
         2,2
      [5]:
         3,0
      [6]:
         3,3
      [7]:
         4,0
      [8]:
         4,4
      [9]:
         5,0
      [10]:
         5,5
      [11]:
         6,0
      [12]:
         6,6
      [13]:
         7,0
      [14]:
         7,7
      [15]:
         8,0
      [16]:
         8,8
      [17]:
         9,0
      [18]:
         9,9
      [19]:
         10,0
      [20]:
         10,10
[24]:
   [1]:
      1,2
   [2]:
      2,2
   [3]:
      1,0
   [4]:
      5,8,9,13
   [5]:
      [1]:
         1,0
      [2]:
         1,1
      [3]:
         2,0
      [4]:
         2,2
      [5]:
         3,0
      [6]:
         3,3
      [7]:
         4,0
      [8]:
         4,4
      [9]:
         5,0
      [10]:
         5,5
      [11]:
         6,0
      [12]:
         6,6
      [13]:
         7,0
      [14]:
         7,7
      [15]:
         8,0
      [16]:
         8,8
      [17]:
         9,0
      [18]:
         9,9
      [19]:
         10,0
      [20]:
         10,10
[25]:
   [1]:
      1,2
   [2]:
      2,3
   [3]:
      1,0
   [4]:
      5,9,9,13
   [5]:
      [1]:
         1,0
      [2]:
         1,1
      [3]:
         2,0
      [4]:
         2,2
      [5]:
         3,0
      [6]:
         3,3
      [7]:
         4,0
      [8]:
         4,4
      [9]:
         5,0
      [10]:
         5,5
      [11]:
         6,0
      [12]:
         6,6
      [13]:
         7,0
      [14]:
         7,7
      [15]:
         8,0
      [16]:
         8,8
      [17]:
         9,0
      [18]:
         9,9
      [19]:
         10,0
      [20]:
         10,10
[26]:
   [1]:
      1,2
   [2]:
      1,1
   [3]:
      1,1
   [4]:
      5,3,5,6
   [5]:
      [1]:
         1,-1
      [2]:
         1,0
      [3]:
         2,-2
      [4]:
         2,0
      [5]:
         3,-3
      [6]:
         3,0
      [7]:
         4,-4
      [8]:
         4,0
      [9]:
         5,-5
      [10]:
         5,0
      [11]:
         6,-6
      [12]:
         6,0
      [13]:
         7,-7
      [14]:
         7,0
      [15]:
         8,-8
      [16]:
         8,0
      [17]:
         9,-9
      [18]:
         9,0
      [19]:
         10,-10
      [20]:
         10,0
[27]:
   [1]:
      1,2
   [2]:
      1,2
   [3]:
      1,1
   [4]:
      5,5,6,8
   [5]:
      [1]:
         1,-10
      [2]:
         1,-9
      [3]:
         1,-8
      [4]:
         1,-7
      [5]:
         1,-6
      [6]:
         1,-5
      [7]:
         1,-4
      [8]:
         1,-3
      [9]:
         1,-2
      [10]:
         1,0
      [11]:
         1,1
      [12]:
         1,2
      [13]:
         1,3
      [14]:
         1,4
      [15]:
         1,5
      [16]:
         1,6
      [17]:
         1,7
      [18]:
         1,8
      [19]:
         1,9
      [20]:
         1,10
      [21]:
         2,-10
      [22]:
         2,-9
      [23]:
         2,-8
      [24]:
         2,-7
      [25]:
         2,-6
      [26]:
         2,-5
      [27]:
         2,-4
      [28]:
         2,-3
      [29]:
         2,-1
      [30]:
         2,0
      [31]:
         2,1
      [32]:
         2,2
      [33]:
         2,3
      [34]:
         2,4
      [35]:
         2,5
      [36]:
         2,6
      [37]:
         2,7
      [38]:
         2,8
      [39]:
         2,9
      [40]:
         2,10
      [41]:
         3,-10
      [42]:
         3,-9
      [43]:
         3,-8
      [44]:
         3,-7
      [45]:
         3,-6
      [46]:
         3,-5
      [47]:
         3,-4
      [48]:
         3,-2
      [49]:
         3,-1
      [50]:
         3,0
      [51]:
         3,1
      [52]:
         3,2
      [53]:
         3,3
      [54]:
         3,4
      [55]:
         3,5
      [56]:
         3,6
      [57]:
         3,7
      [58]:
         3,8
      [59]:
         3,9
      [60]:
         3,10
      [61]:
         4,-10
      [62]:
         4,-9
      [63]:
         4,-8
      [64]:
         4,-7
      [65]:
         4,-6
      [66]:
         4,-5
      [67]:
         4,-3
      [68]:
         4,-2
      [69]:
         4,-1
      [70]:
         4,0
      [71]:
         4,1
      [72]:
         4,2
      [73]:
         4,3
      [74]:
         4,4
      [75]:
         4,5
      [76]:
         4,6
      [77]:
         4,7
      [78]:
         4,8
      [79]:
         4,9
      [80]:
         4,10
      [81]:
         5,-10
      [82]:
         5,-9
      [83]:
         5,-8
      [84]:
         5,-7
      [85]:
         5,-6
      [86]:
         5,-4
      [87]:
         5,-3
      [88]:
         5,-2
      [89]:
         5,-1
      [90]:
         5,0
      [91]:
         5,1
      [92]:
         5,2
      [93]:
         5,3
      [94]:
         5,4
      [95]:
         5,5
      [96]:
         5,6
      [97]:
         5,7
      [98]:
         5,8
      [99]:
         5,9
      [100]:
         5,10
      [101]:
         6,-10
      [102]:
         6,-9
      [103]:
         6,-8
      [104]:
         6,-7
      [105]:
         6,-5
      [106]:
         6,-4
      [107]:
         6,-3
      [108]:
         6,-2
      [109]:
         6,-1
      [110]:
         6,0
      [111]:
         6,1
      [112]:
         6,2
      [113]:
         6,3
      [114]:
         6,4
      [115]:
         6,5
      [116]:
         6,6
      [117]:
         6,7
      [118]:
         6,8
      [119]:
         6,9
      [120]:
         6,10
      [121]:
         7,-10
      [122]:
         7,-9
      [123]:
         7,-8
      [124]:
         7,-6
      [125]:
         7,-5
      [126]:
         7,-4
      [127]:
         7,-3
      [128]:
         7,-2
      [129]:
         7,-1
      [130]:
         7,0
      [131]:
         7,1
      [132]:
         7,2
      [133]:
         7,3
      [134]:
         7,4
      [135]:
         7,5
      [136]:
         7,6
      [137]:
         7,7
      [138]:
         7,8
      [139]:
         7,9
      [140]:
         7,10
      [141]:
         8,-10
      [142]:
         8,-9
      [143]:
         8,-7
      [144]:
         8,-6
      [145]:
         8,-5
      [146]:
         8,-4
      [147]:
         8,-3
      [148]:
         8,-2
      [149]:
         8,-1
      [150]:
         8,0
      [151]:
         8,1
      [152]:
         8,2
      [153]:
         8,3
      [154]:
         8,4
      [155]:
         8,5
      [156]:
         8,6
      [157]:
         8,7
      [158]:
         8,8
      [159]:
         8,9
      [160]:
         8,10
      [161]:
         9,-10
      [162]:
         9,-8
      [163]:
         9,-7
      [164]:
         9,-6
      [165]:
         9,-5
      [166]:
         9,-4
      [167]:
         9,-3
      [168]:
         9,-2
      [169]:
         9,-1
      [170]:
         9,0
      [171]:
         9,1
      [172]:
         9,2
      [173]:
         9,3
      [174]:
         9,4
      [175]:
         9,5
      [176]:
         9,6
      [177]:
         9,7
      [178]:
         9,8
      [179]:
         9,9
      [180]:
         9,10
      [181]:
         10,-9
      [182]:
         10,-8
      [183]:
         10,-7
      [184]:
         10,-6
      [185]:
         10,-5
      [186]:
         10,-4
      [187]:
         10,-3
      [188]:
         10,-2
      [189]:
         10,-1
      [190]:
         10,0
      [191]:
         10,1
      [192]:
         10,2
      [193]:
         10,3
      [194]:
         10,4
      [195]:
         10,5
      [196]:
         10,6
      [197]:
         10,7
      [198]:
         10,8
      [199]:
         10,9
      [200]:
         10,10
[28]:
   [1]:
      1,2
   [2]:
      2,1
   [3]:
      1,1
   [4]:
      5,5,7,9
   [5]:
      [1]:
         1,-1
      [2]:
         1,0
      [3]:
         2,-2
      [4]:
         2,0
      [5]:
         3,-3
      [6]:
         3,0
      [7]:
         4,-4
      [8]:
         4,0
      [9]:
         5,-5
      [10]:
         5,0
      [11]:
         6,-6
      [12]:
         6,0
      [13]:
         7,-7
      [14]:
         7,0
      [15]:
         8,-8
      [16]:
         8,0
      [17]:
         9,-9
      [18]:
         9,0
      [19]:
         10,-10
      [20]:
         10,0
[29]:
   [1]:
      1,2
   [2]:
      2,2
   [3]:
      1,1
   [4]:
      5,8,9,12
   [5]:
      [1]:
         1,-1
      [2]:
         1,0
      [3]:
         2,-2
      [4]:
         2,0
      [5]:
         3,-3
      [6]:
         3,0
      [7]:
         4,-4
      [8]:
         4,0
      [9]:
         5,-5
      [10]:
         5,0
      [11]:
         6,-6
      [12]:
         6,0
      [13]:
         7,-7
      [14]:
         7,0
      [15]:
         8,-8
      [16]:
         8,0
      [17]:
         9,-9
      [18]:
         9,0
      [19]:
         10,-10
      [20]:
         10,0
[30]:
   [1]:
      1,2
   [2]:
      2,3
   [3]:
      1,1
   [4]:
      5,9,9,14
   [5]:
      [1]:
         1,0
      [2]:
         2,0
      [3]:
         3,0
      [4]:
         4,0
      [5]:
         5,0
      [6]:
         6,0
      [7]:
         7,0
      [8]:
         8,0
      [9]:
         9,0
      [10]:
         10,0
[31]:
   [1]:
      1,2
   [2]:
      3,1
   [3]:
      1,1
   [4]:
      5,6,8,11
   [5]:
      [1]:
         1,-1
      [2]:
         1,0
      [3]:
         2,-2
      [4]:
         2,0
      [5]:
         3,-3
      [6]:
         3,0
      [7]:
         4,-4
      [8]:
         4,0
      [9]:
         5,-5
      [10]:
         5,0
      [11]:
         6,-6
      [12]:
         6,0
      [13]:
         7,-7
      [14]:
         7,0
      [15]:
         8,-8
      [16]:
         8,0
      [17]:
         9,-9
      [18]:
         9,0
      [19]:
         10,-10
      [20]:
         10,0
[32]:
   [1]:
      1,2
   [2]:
      2,2
   [3]:
      1,2
   [4]:
      5,8,8,10
   [5]:
      [1]:
         1,-1
      [2]:
         1,0
      [3]:
         2,-2
      [4]:
         2,0
      [5]:
         3,-3
      [6]:
         3,0
      [7]:
         4,-4
      [8]:
         4,0
      [9]:
         5,-5
      [10]:
         5,0
      [11]:
         6,-6
      [12]:
         6,0
      [13]:
         7,-7
      [14]:
         7,0
      [15]:
         8,-8
      [16]:
         8,0
      [17]:
         9,-9
      [18]:
         9,0
      [19]:
         10,-10
      [20]:
         10,0
[33]:
   [1]:
      1,2
   [2]:
      2,3
   [3]:
      1,2
   [4]:
      5,9,9,13
   [5]:
      [1]:
         1,-1
      [2]:
         1,0
      [3]:
         2,-2
      [4]:
         2,0
      [5]:
         3,-3
      [6]:
         3,0
      [7]:
         4,-4
      [8]:
         4,0
      [9]:
         5,-5
      [10]:
         5,0
      [11]:
         6,-6
      [12]:
         6,0
      [13]:
         7,-7
      [14]:
         7,0
      [15]:
         8,-8
      [16]:
         8,0
      [17]:
         9,-9
      [18]:
         9,0
      [19]:
         10,-10
      [20]:
         10,0
[34]:
   [1]:
      1,3
   [2]:
      1,1
   [3]:
      0,0
   [4]:
      6,3,8,9
   [5]:
      [1]:
         1,-1
      [2]:
         1,0
      [3]:
         2,-2
      [4]:
         2,0
      [5]:
         3,-3
      [6]:
         3,0
      [7]:
         4,-4
      [8]:
         4,0
      [9]:
         5,-5
      [10]:
         5,0
      [11]:
         6,-6
      [12]:
         6,0
      [13]:
         7,-7
      [14]:
         7,0
      [15]:
         8,-8
      [16]:
         8,0
      [17]:
         9,-9
      [18]:
         9,0
      [19]:
         10,-10
      [20]:
         10,0
[35]:
   [1]:
      1,3
   [2]:
      1,2
   [3]:
      0,0
   [4]:
      6,5,9,11
   [5]:
      [1]:
         1,-1
      [2]:
         1,0
      [3]:
         2,-2
      [4]:
         2,0
      [5]:
         3,-3
      [6]:
         3,0
      [7]:
         4,-4
      [8]:
         4,0
      [9]:
         5,-5
      [10]:
         5,0
      [11]:
         6,-6
      [12]:
         6,0
      [13]:
         7,-7
      [14]:
         7,0
      [15]:
         8,-8
      [16]:
         8,0
      [17]:
         9,-9
      [18]:
         9,0
      [19]:
         10,-10
      [20]:
         10,0
[36]:
   [1]:
      1,3
   [2]:
      1,3
   [3]:
      0,0
   [4]:
      6,6,9,12
   [5]:
      [1]:
         1,-1
      [2]:
         1,0
      [3]:
         2,-2
      [4]:
         2,0
      [5]:
         3,-3
      [6]:
         3,0
      [7]:
         4,-4
      [8]:
         4,0
      [9]:
         5,-5
      [10]:
         5,0
      [11]:
         6,-6
      [12]:
         6,0
      [13]:
         7,-7
      [14]:
         7,0
      [15]:
         8,-8
      [16]:
         8,0
      [17]:
         9,-9
      [18]:
         9,0
      [19]:
         10,-10
      [20]:
         10,0
[37]:
   [1]:
      1,3
   [2]:
      1,1
   [3]:
      0,1
   [4]:
      6,3,8,9
   [5]:
      [1]:
         1,0
      [2]:
         1,1
      [3]:
         2,0
      [4]:
         2,2
      [5]:
         3,0
      [6]:
         3,3
      [7]:
         4,0
      [8]:
         4,4
      [9]:
         5,0
      [10]:
         5,5
      [11]:
         6,0
      [12]:
         6,6
      [13]:
         7,0
      [14]:
         7,7
      [15]:
         8,0
      [16]:
         8,8
      [17]:
         9,0
      [18]:
         9,9
      [19]:
         10,0
      [20]:
         10,10
[38]:
   [1]:
      1,3
   [2]:
      1,2
   [3]:
      0,1
   [4]:
      6,5,9,11
   [5]:
      [1]:
         1,0
      [2]:
         2,0
      [3]:
         3,0
      [4]:
         4,0
      [5]:
         5,0
      [6]:
         6,0
      [7]:
         7,0
      [8]:
         8,0
      [9]:
         9,0
      [10]:
         10,0
[39]:
   [1]:
      1,3
   [2]:
      1,3
   [3]:
      0,1
   [4]:
      6,6,9,12
   [5]:
      [1]:
         1,0
      [2]:
         2,0
      [3]:
         3,0
      [4]:
         4,0
      [5]:
         5,0
      [6]:
         6,0
      [7]:
         7,0
      [8]:
         8,0
      [9]:
         9,0
      [10]:
         10,0
[40]:
   [1]:
      1,3
   [2]:
      1,2
   [3]:
      0,2
   [4]:
      6,5,9,11
   [5]:
      [1]:
         1,0
      [2]:
         1,1
      [3]:
         2,0
      [4]:
         2,2
      [5]:
         3,0
      [6]:
         3,3
      [7]:
         4,0
      [8]:
         4,4
      [9]:
         5,0
      [10]:
         5,5
      [11]:
         6,0
      [12]:
         6,6
      [13]:
         7,0
      [14]:
         7,7
      [15]:
         8,0
      [16]:
         8,8
      [17]:
         9,0
      [18]:
         9,9
      [19]:
         10,0
      [20]:
         10,10
[41]:
   [1]:
      1,3
   [2]:
      1,3
   [3]:
      0,2
   [4]:
      6,6,9,12
   [5]:
      [1]:
         1,0
      [2]:
         2,0
      [3]:
         3,0
      [4]:
         4,0
      [5]:
         5,0
      [6]:
         6,0
      [7]:
         7,0
      [8]:
         8,0
      [9]:
         9,0
      [10]:
         10,0
[42]:
   [1]:
      1,3
   [2]:
      1,3
   [3]:
      0,3
   [4]:
      6,6,9,12
   [5]:
      [1]:
         1,0
      [2]:
         1,1
      [3]:
         2,0
      [4]:
         2,2
      [5]:
         3,0
      [6]:
         3,3
      [7]:
         4,0
      [8]:
         4,4
      [9]:
         5,0
      [10]:
         5,5
      [11]:
         6,0
      [12]:
         6,6
      [13]:
         7,0
      [14]:
         7,7
      [15]:
         8,0
      [16]:
         8,8
      [17]:
         9,0
      [18]:
         9,9
      [19]:
         10,0
      [20]:
         10,10
[43]:
   [1]:
      1,3
   [2]:
      2,1
   [3]:
      1,0
   [4]:
      6,5,8,11
   [5]:
      [1]:
         1,0
      [2]:
         1,1
      [3]:
         2,0
      [4]:
         2,2
      [5]:
         3,0
      [6]:
         3,3
      [7]:
         4,0
      [8]:
         4,4
      [9]:
         5,0
      [10]:
         5,5
      [11]:
         6,0
      [12]:
         6,6
      [13]:
         7,0
      [14]:
         7,7
      [15]:
         8,0
      [16]:
         8,8
      [17]:
         9,0
      [18]:
         9,9
      [19]:
         10,0
      [20]:
         10,10
[44]:
   [1]:
      1,3
   [2]:
      2,2
   [3]:
      1,0
   [4]:
      6,8,9,13
   [5]:
      [1]:
         1,0
      [2]:
         1,1
      [3]:
         2,0
      [4]:
         2,2
      [5]:
         3,0
      [6]:
         3,3
      [7]:
         4,0
      [8]:
         4,4
      [9]:
         5,0
      [10]:
         5,5
      [11]:
         6,0
      [12]:
         6,6
      [13]:
         7,0
      [14]:
         7,7
      [15]:
         8,0
      [16]:
         8,8
      [17]:
         9,0
      [18]:
         9,9
      [19]:
         10,0
      [20]:
         10,10
[45]:
   [1]:
      1,3
   [2]:
      2,3
   [3]:
      1,0
   [4]:
      6,9,9,12
   [5]:
      [1]:
         1,0
      [2]:
         1,1
      [3]:
         2,0
      [4]:
         2,2
      [5]:
         3,0
      [6]:
         3,3
      [7]:
         4,0
      [8]:
         4,4
      [9]:
         5,0
      [10]:
         5,5
      [11]:
         6,0
      [12]:
         6,6
      [13]:
         7,0
      [14]:
         7,7
      [15]:
         8,0
      [16]:
         8,8
      [17]:
         9,0
      [18]:
         9,9
      [19]:
         10,0
      [20]:
         10,10
[46]:
   [1]:
      1,3
   [2]:
      1,3
   [3]:
      1,1
   [4]:
      6,6,6,9
   [5]:
      [1]:
         1,-10
      [2]:
         1,-9
      [3]:
         1,-8
      [4]:
         1,-7
      [5]:
         1,-6
      [6]:
         1,-5
      [7]:
         1,-4
      [8]:
         1,-3
      [9]:
         1,-2
      [10]:
         1,-1
      [11]:
         1,0
      [12]:
         1,2
      [13]:
         1,3
      [14]:
         1,4
      [15]:
         1,5
      [16]:
         1,6
      [17]:
         1,7
      [18]:
         1,8
      [19]:
         1,9
      [20]:
         1,10
      [21]:
         2,-10
      [22]:
         2,-9
      [23]:
         2,-8
      [24]:
         2,-7
      [25]:
         2,-6
      [26]:
         2,-5
      [27]:
         2,-4
      [28]:
         2,-3
      [29]:
         2,-2
      [30]:
         2,0
      [31]:
         2,3
      [32]:
         2,4
      [33]:
         2,5
      [34]:
         2,6
      [35]:
         2,7
      [36]:
         2,8
      [37]:
         2,9
      [38]:
         2,10
      [39]:
         3,-10
      [40]:
         3,-9
      [41]:
         3,-8
      [42]:
         3,-7
      [43]:
         3,-6
      [44]:
         3,-5
      [45]:
         3,-4
      [46]:
         3,-3
      [47]:
         3,-2
      [48]:
         3,-1
      [49]:
         3,0
      [50]:
         3,1
      [51]:
         3,2
      [52]:
         3,4
      [53]:
         3,5
      [54]:
         3,6
      [55]:
         3,7
      [56]:
         3,8
      [57]:
         3,9
      [58]:
         3,10
      [59]:
         4,-10
      [60]:
         4,-9
      [61]:
         4,-8
      [62]:
         4,-7
      [63]:
         4,-6
      [64]:
         4,-5
      [65]:
         4,-4
      [66]:
         4,-3
      [67]:
         4,-1
      [68]:
         4,0
      [69]:
         4,1
      [70]:
         4,3
      [71]:
         4,5
      [72]:
         4,6
      [73]:
         4,7
      [74]:
         4,8
      [75]:
         4,9
      [76]:
         4,10
      [77]:
         5,-10
      [78]:
         5,-9
      [79]:
         5,-8
      [80]:
         5,-7
      [81]:
         5,-6
      [82]:
         5,-5
      [83]:
         5,-4
      [84]:
         5,-3
      [85]:
         5,-2
      [86]:
         5,-1
      [87]:
         5,0
      [88]:
         5,1
      [89]:
         5,2
      [90]:
         5,3
      [91]:
         5,4
      [92]:
         5,6
      [93]:
         5,7
      [94]:
         5,8
      [95]:
         5,9
      [96]:
         5,10
      [97]:
         6,-10
      [98]:
         6,-9
      [99]:
         6,-8
      [100]:
         6,-7
      [101]:
         6,-6
      [102]:
         6,-5
      [103]:
         6,-4
      [104]:
         6,-2
      [105]:
         6,-1
      [106]:
         6,0
      [107]:
         6,1
      [108]:
         6,2
      [109]:
         6,4
      [110]:
         6,5
      [111]:
         6,7
      [112]:
         6,8
      [113]:
         6,9
      [114]:
         6,10
      [115]:
         7,-10
      [116]:
         7,-9
      [117]:
         7,-8
      [118]:
         7,-7
      [119]:
         7,-6
      [120]:
         7,-5
      [121]:
         7,-4
      [122]:
         7,-3
      [123]:
         7,-2
      [124]:
         7,-1
      [125]:
         7,0
      [126]:
         7,1
      [127]:
         7,2
      [128]:
         7,3
      [129]:
         7,4
      [130]:
         7,5
      [131]:
         7,6
      [132]:
         7,8
      [133]:
         7,9
      [134]:
         7,10
      [135]:
         8,-10
      [136]:
         8,-9
      [137]:
         8,-8
      [138]:
         8,-7
      [139]:
         8,-6
      [140]:
         8,-5
      [141]:
         8,-3
      [142]:
         8,-2
      [143]:
         8,-1
      [144]:
         8,0
      [145]:
         8,1
      [146]:
         8,2
      [147]:
         8,3
      [148]:
         8,5
      [149]:
         8,6
      [150]:
         8,7
      [151]:
         8,9
      [152]:
         8,10
      [153]:
         9,-10
      [154]:
         9,-9
      [155]:
         9,-8
      [156]:
         9,-7
      [157]:
         9,-6
      [158]:
         9,-5
      [159]:
         9,-4
      [160]:
         9,-3
      [161]:
         9,-2
      [162]:
         9,-1
      [163]:
         9,0
      [164]:
         9,1
      [165]:
         9,2
      [166]:
         9,3
      [167]:
         9,4
      [168]:
         9,5
      [169]:
         9,6
      [170]:
         9,7
      [171]:
         9,8
      [172]:
         9,10
      [173]:
         10,-10
      [174]:
         10,-9
      [175]:
         10,-8
      [176]:
         10,-7
      [177]:
         10,-6
      [178]:
         10,-4
      [179]:
         10,-3
      [180]:
         10,-2
      [181]:
         10,-1
      [182]:
         10,0
      [183]:
         10,1
      [184]:
         10,2
      [185]:
         10,3
      [186]:
         10,4
      [187]:
         10,6
      [188]:
         10,7
      [189]:
         10,8
      [190]:
         10,9
[47]:
   [1]:
      1,3
   [2]:
      2,1
   [3]:
      1,1
   [4]:
      6,5,8,11
   [5]:
      [1]:
         1,-1
      [2]:
         1,0
      [3]:
         2,-2
      [4]:
         2,0
      [5]:
         3,-3
      [6]:
         3,0
      [7]:
         4,-4
      [8]:
         4,0
      [9]:
         5,-5
      [10]:
         5,0
      [11]:
         6,-6
      [12]:
         6,0
      [13]:
         7,-7
      [14]:
         7,0
      [15]:
         8,-8
      [16]:
         8,0
      [17]:
         9,-9
      [18]:
         9,0
      [19]:
         10,-10
      [20]:
         10,0
[48]:
   [1]:
      1,3
   [2]:
      2,2
   [3]:
      1,1
   [4]:
      6,8,9,14
   [5]:
      [1]:
         1,0
      [2]:
         2,0
      [3]:
         3,0
      [4]:
         4,0
      [5]:
         5,0
      [6]:
         6,0
      [7]:
         7,0
      [8]:
         8,0
      [9]:
         9,0
      [10]:
         10,0
[49]:
   [1]:
      1,3
   [2]:
      2,3
   [3]:
      1,1
   [4]:
      6,9,9,15
   [5]:
      [1]:
         1,0
      [2]:
         2,0
      [3]:
         3,0
      [4]:
         4,0
      [5]:
         5,0
      [6]:
         6,0
      [7]:
         7,0
      [8]:
         8,0
      [9]:
         9,0
      [10]:
         10,0
[50]:
   [1]:
      1,3
   [2]:
      1,3
   [3]:
      1,2
   [4]:
      6,6,6,9
   [5]:
      [1]:
         1,-10
      [2]:
         1,-9
      [3]:
         1,-8
      [4]:
         1,-7
      [5]:
         1,-6
      [6]:
         1,-5
      [7]:
         1,-4
      [8]:
         1,-3
      [9]:
         1,-2
      [10]:
         1,0
      [11]:
         1,1
      [12]:
         1,2
      [13]:
         1,3
      [14]:
         1,4
      [15]:
         1,5
      [16]:
         1,6
      [17]:
         1,7
      [18]:
         1,8
      [19]:
         1,9
      [20]:
         1,10
      [21]:
         2,-10
      [22]:
         2,-9
      [23]:
         2,-8
      [24]:
         2,-7
      [25]:
         2,-6
      [26]:
         2,-5
      [27]:
         2,-4
      [28]:
         2,-3
      [29]:
         2,0
      [30]:
         2,2
      [31]:
         2,3
      [32]:
         2,4
      [33]:
         2,5
      [34]:
         2,6
      [35]:
         2,7
      [36]:
         2,8
      [37]:
         2,9
      [38]:
         2,10
      [39]:
         3,-10
      [40]:
         3,-9
      [41]:
         3,-8
      [42]:
         3,-7
      [43]:
         3,-6
      [44]:
         3,-5
      [45]:
         3,-4
      [46]:
         3,-2
      [47]:
         3,-1
      [48]:
         3,0
      [49]:
         3,1
      [50]:
         3,2
      [51]:
         3,3
      [52]:
         3,4
      [53]:
         3,5
      [54]:
         3,6
      [55]:
         3,7
      [56]:
         3,8
      [57]:
         3,9
      [58]:
         3,10
      [59]:
         4,-10
      [60]:
         4,-9
      [61]:
         4,-8
      [62]:
         4,-7
      [63]:
         4,-6
      [64]:
         4,-5
      [65]:
         4,-3
      [66]:
         4,-1
      [67]:
         4,0
      [68]:
         4,1
      [69]:
         4,3
      [70]:
         4,4
      [71]:
         4,5
      [72]:
         4,6
      [73]:
         4,7
      [74]:
         4,8
      [75]:
         4,9
      [76]:
         4,10
      [77]:
         5,-10
      [78]:
         5,-9
      [79]:
         5,-8
      [80]:
         5,-7
      [81]:
         5,-6
      [82]:
         5,-4
      [83]:
         5,-3
      [84]:
         5,-2
      [85]:
         5,-1
      [86]:
         5,0
      [87]:
         5,1
      [88]:
         5,2
      [89]:
         5,3
      [90]:
         5,4
      [91]:
         5,5
      [92]:
         5,6
      [93]:
         5,7
      [94]:
         5,8
      [95]:
         5,9
      [96]:
         5,10
      [97]:
         6,-10
      [98]:
         6,-9
      [99]:
         6,-8
      [100]:
         6,-7
      [101]:
         6,-5
      [102]:
         6,-4
      [103]:
         6,-2
      [104]:
         6,-1
      [105]:
         6,0
      [106]:
         6,1
      [107]:
         6,2
      [108]:
         6,4
      [109]:
         6,5
      [110]:
         6,6
      [111]:
         6,7
      [112]:
         6,8
      [113]:
         6,9
      [114]:
         6,10
      [115]:
         7,-10
      [116]:
         7,-9
      [117]:
         7,-8
      [118]:
         7,-6
      [119]:
         7,-5
      [120]:
         7,-4
      [121]:
         7,-3
      [122]:
         7,-2
      [123]:
         7,-1
      [124]:
         7,0
      [125]:
         7,1
      [126]:
         7,2
      [127]:
         7,3
      [128]:
         7,4
      [129]:
         7,5
      [130]:
         7,6
      [131]:
         7,7
      [132]:
         7,8
      [133]:
         7,9
      [134]:
         7,10
      [135]:
         8,-10
      [136]:
         8,-9
      [137]:
         8,-7
      [138]:
         8,-6
      [139]:
         8,-5
      [140]:
         8,-3
      [141]:
         8,-2
      [142]:
         8,-1
      [143]:
         8,0
      [144]:
         8,1
      [145]:
         8,2
      [146]:
         8,3
      [147]:
         8,5
      [148]:
         8,6
      [149]:
         8,7
      [150]:
         8,8
      [151]:
         8,9
      [152]:
         8,10
      [153]:
         9,-10
      [154]:
         9,-8
      [155]:
         9,-7
      [156]:
         9,-6
      [157]:
         9,-5
      [158]:
         9,-4
      [159]:
         9,-3
      [160]:
         9,-2
      [161]:
         9,-1
      [162]:
         9,0
      [163]:
         9,1
      [164]:
         9,2
      [165]:
         9,3
      [166]:
         9,4
      [167]:
         9,5
      [168]:
         9,6
      [169]:
         9,7
      [170]:
         9,8
      [171]:
         9,9
      [172]:
         9,10
      [173]:
         10,-9
      [174]:
         10,-8
      [175]:
         10,-7
      [176]:
         10,-6
      [177]:
         10,-4
      [178]:
         10,-3
      [179]:
         10,-2
      [180]:
         10,-1
      [181]:
         10,0
      [182]:
         10,1
      [183]:
         10,2
      [184]:
         10,3
      [185]:
         10,4
      [186]:
         10,6
      [187]:
         10,7
      [188]:
         10,8
      [189]:
         10,9
      [190]:
         10,10
[51]:
   [1]:
      1,3
   [2]:
      2,2
   [3]:
      1,2
   [4]:
      6,8,9,13
   [5]:
      [1]:
         1,-1
      [2]:
         1,0
      [3]:
         2,-2
      [4]:
         2,0
      [5]:
         3,-3
      [6]:
         3,0
      [7]:
         4,-4
      [8]:
         4,0
      [9]:
         5,-5
      [10]:
         5,0
      [11]:
         6,-6
      [12]:
         6,0
      [13]:
         7,-7
      [14]:
         7,0
      [15]:
         8,-8
      [16]:
         8,0
      [17]:
         9,-9
      [18]:
         9,0
      [19]:
         10,-10
      [20]:
         10,0
[52]:
   [1]:
      1,3
   [2]:
      2,3
   [3]:
      1,2
   [4]:
      6,9,9,15
   [5]:
      [1]:
         1,0
      [2]:
         2,0
      [3]:
         3,0
      [4]:
         4,0
      [5]:
         5,0
      [6]:
         6,0
      [7]:
         7,0
      [8]:
         8,0
      [9]:
         9,0
      [10]:
         10,0
[53]:
   [1]:
      1,3
   [2]:
      2,3
   [3]:
      1,3
   [4]:
      6,9,9,12
   [5]:
      [1]:
         1,-1
      [2]:
         1,0
      [3]:
         2,-2
      [4]:
         2,0
      [5]:
         3,-3
      [6]:
         3,0
      [7]:
         4,-4
      [8]:
         4,0
      [9]:
         5,-5
      [10]:
         5,0
      [11]:
         6,-6
      [12]:
         6,0
      [13]:
         7,-7
      [14]:
         7,0
      [15]:
         8,-8
      [16]:
         8,0
      [17]:
         9,-9
      [18]:
         9,0
      [19]:
         10,-10
      [20]:
         10,0
[54]:
   [1]:
      2,2
   [2]:
      2,1
   [3]:
      0,1
   [4]:
      8,5,9,13
   [5]:
      [1]:
         1,0
      [2]:
         1,1
      [3]:
         2,0
      [4]:
         2,2
      [5]:
         3,0
      [6]:
         3,3
      [7]:
         4,0
      [8]:
         4,4
      [9]:
         5,0
      [10]:
         5,5
      [11]:
         6,0
      [12]:
         6,6
      [13]:
         7,0
      [14]:
         7,7
      [15]:
         8,0
      [16]:
         8,8
      [17]:
         9,0
      [18]:
         9,9
      [19]:
         10,0
      [20]:
         10,10
[55]:
   [1]:
      2,2
   [2]:
      3,1
   [3]:
      0,1
   [4]:
      8,6,9,13
   [5]:
      [1]:
         1,0
      [2]:
         1,1
      [3]:
         2,0
      [4]:
         2,2
      [5]:
         3,0
      [6]:
         3,3
      [7]:
         4,0
      [8]:
         4,4
      [9]:
         5,0
      [10]:
         5,5
      [11]:
         6,0
      [12]:
         6,6
      [13]:
         7,0
      [14]:
         7,7
      [15]:
         8,0
      [16]:
         8,8
      [17]:
         9,0
      [18]:
         9,9
      [19]:
         10,0
      [20]:
         10,10
[56]:
   [1]:
      2,2
   [2]:
      1,2
   [3]:
      1,0
   [4]:
      8,5,9,13
   [5]:
      [1]:
         1,0
      [2]:
         1,1
      [3]:
         2,0
      [4]:
         2,2
      [5]:
         3,0
      [6]:
         3,3
      [7]:
         4,0
      [8]:
         4,4
      [9]:
         5,0
      [10]:
         5,5
      [11]:
         6,0
      [12]:
         6,6
      [13]:
         7,0
      [14]:
         7,7
      [15]:
         8,0
      [16]:
         8,8
      [17]:
         9,0
      [18]:
         9,9
      [19]:
         10,0
      [20]:
         10,10
[57]:
   [1]:
      2,2
   [2]:
      1,3
   [3]:
      1,0
   [4]:
      8,6,9,13
   [5]:
      [1]:
         1,0
      [2]:
         1,1
      [3]:
         2,0
      [4]:
         2,2
      [5]:
         3,0
      [6]:
         3,3
      [7]:
         4,0
      [8]:
         4,4
      [9]:
         5,0
      [10]:
         5,5
      [11]:
         6,0
      [12]:
         6,6
      [13]:
         7,0
      [14]:
         7,7
      [15]:
         8,0
      [16]:
         8,8
      [17]:
         9,0
      [18]:
         9,9
      [19]:
         10,0
      [20]:
         10,10
[58]:
   [1]:
      2,2
   [2]:
      1,1
   [3]:
      1,1
   [4]:
      8,3,8,10
   [5]:
      [1]:
         1,-1
      [2]:
         1,0
      [3]:
         2,-2
      [4]:
         2,0
      [5]:
         3,-3
      [6]:
         3,0
      [7]:
         4,-4
      [8]:
         4,0
      [9]:
         5,-5
      [10]:
         5,0
      [11]:
         6,-6
      [12]:
         6,0
      [13]:
         7,-7
      [14]:
         7,0
      [15]:
         8,-8
      [16]:
         8,0
      [17]:
         9,-9
      [18]:
         9,0
      [19]:
         10,-10
      [20]:
         10,0
[59]:
   [1]:
      2,2
   [2]:
      1,2
   [3]:
      1,1
   [4]:
      8,5,9,12
   [5]:
      [1]:
         1,-1
      [2]:
         1,0
      [3]:
         2,-2
      [4]:
         2,0
      [5]:
         3,-3
      [6]:
         3,0
      [7]:
         4,-4
      [8]:
         4,0
      [9]:
         5,-5
      [10]:
         5,0
      [11]:
         6,-6
      [12]:
         6,0
      [13]:
         7,-7
      [14]:
         7,0
      [15]:
         8,-8
      [16]:
         8,0
      [17]:
         9,-9
      [18]:
         9,0
      [19]:
         10,-10
      [20]:
         10,0
[60]:
   [1]:
      2,2
   [2]:
      1,3
   [3]:
      1,1
   [4]:
      8,6,9,14
   [5]:
      [1]:
         1,0
      [2]:
         2,0
      [3]:
         3,0
      [4]:
         4,0
      [5]:
         5,0
      [6]:
         6,0
      [7]:
         7,0
      [8]:
         8,0
      [9]:
         9,0
      [10]:
         10,0
[61]:
   [1]:
      2,2
   [2]:
      2,1
   [3]:
      1,1
   [4]:
      8,5,9,12
   [5]:
      [1]:
         1,-1
      [2]:
         1,0
      [3]:
         2,-2
      [4]:
         2,0
      [5]:
         3,-3
      [6]:
         3,0
      [7]:
         4,-4
      [8]:
         4,0
      [9]:
         5,-5
      [10]:
         5,0
      [11]:
         6,-6
      [12]:
         6,0
      [13]:
         7,-7
      [14]:
         7,0
      [15]:
         8,-8
      [16]:
         8,0
      [17]:
         9,-9
      [18]:
         9,0
      [19]:
         10,-10
      [20]:
         10,0
[62]:
   [1]:
      2,2
   [2]:
      3,1
   [3]:
      1,1
   [4]:
      8,6,9,14
   [5]:
      [1]:
         1,0
      [2]:
         2,0
      [3]:
         3,0
      [4]:
         4,0
      [5]:
         5,0
      [6]:
         6,0
      [7]:
         7,0
      [8]:
         8,0
      [9]:
         9,0
      [10]:
         10,0
[63]:
   [1]:
      2,2
   [2]:
      1,2
   [3]:
      1,2
   [4]:
      8,5,8,10
   [5]:
      [1]:
         1,-1
      [2]:
         1,0
      [3]:
         2,-2
      [4]:
         2,0
      [5]:
         3,-3
      [6]:
         3,0
      [7]:
         4,-4
      [8]:
         4,0
      [9]:
         5,-5
      [10]:
         5,0
      [11]:
         6,-6
      [12]:
         6,0
      [13]:
         7,-7
      [14]:
         7,0
      [15]:
         8,-8
      [16]:
         8,0
      [17]:
         9,-9
      [18]:
         9,0
      [19]:
         10,-10
      [20]:
         10,0
[64]:
   [1]:
      2,2
   [2]:
      1,3
   [3]:
      1,2
   [4]:
      8,6,9,13
   [5]:
      [1]:
         1,-1
      [2]:
         1,0
      [3]:
         2,-2
      [4]:
         2,0
      [5]:
         3,-3
      [6]:
         3,0
      [7]:
         4,-4
      [8]:
         4,0
      [9]:
         5,-5
      [10]:
         5,0
      [11]:
         6,-6
      [12]:
         6,0
      [13]:
         7,-7
      [14]:
         7,0
      [15]:
         8,-8
      [16]:
         8,0
      [17]:
         9,-9
      [18]:
         9,0
      [19]:
         10,-10
      [20]:
         10,0
[65]:
   [1]:
      2,2
   [2]:
      2,2
   [3]:
      1,2
   [4]:
      8,8,9,13
   [5]:
      [1]:
         1,-10
      [2]:
         1,-9
      [3]:
         1,-8
      [4]:
         1,-7
      [5]:
         1,-6
      [6]:
         1,-5
      [7]:
         1,-4
      [8]:
         1,-3
      [9]:
         1,-2
      [10]:
         1,0
      [11]:
         1,1
      [12]:
         1,2
      [13]:
         1,3
      [14]:
         1,4
      [15]:
         1,5
      [16]:
         1,6
      [17]:
         1,7
      [18]:
         1,8
      [19]:
         1,9
      [20]:
         1,10
      [21]:
         2,-10
      [22]:
         2,-9
      [23]:
         2,-8
      [24]:
         2,-7
      [25]:
         2,-6
      [26]:
         2,-5
      [27]:
         2,-4
      [28]:
         2,-3
      [29]:
         2,-1
      [30]:
         2,0
      [31]:
         2,1
      [32]:
         2,2
      [33]:
         2,3
      [34]:
         2,4
      [35]:
         2,5
      [36]:
         2,6
      [37]:
         2,7
      [38]:
         2,8
      [39]:
         2,9
      [40]:
         2,10
      [41]:
         3,-10
      [42]:
         3,-9
      [43]:
         3,-8
      [44]:
         3,-7
      [45]:
         3,-6
      [46]:
         3,-5
      [47]:
         3,-4
      [48]:
         3,-2
      [49]:
         3,-1
      [50]:
         3,0
      [51]:
         3,1
      [52]:
         3,2
      [53]:
         3,3
      [54]:
         3,4
      [55]:
         3,5
      [56]:
         3,6
      [57]:
         3,7
      [58]:
         3,8
      [59]:
         3,9
      [60]:
         3,10
      [61]:
         4,-10
      [62]:
         4,-9
      [63]:
         4,-8
      [64]:
         4,-7
      [65]:
         4,-6
      [66]:
         4,-5
      [67]:
         4,-3
      [68]:
         4,-2
      [69]:
         4,-1
      [70]:
         4,0
      [71]:
         4,1
      [72]:
         4,2
      [73]:
         4,3
      [74]:
         4,4
      [75]:
         4,5
      [76]:
         4,6
      [77]:
         4,7
      [78]:
         4,8
      [79]:
         4,9
      [80]:
         4,10
      [81]:
         5,-10
      [82]:
         5,-9
      [83]:
         5,-8
      [84]:
         5,-7
      [85]:
         5,-6
      [86]:
         5,-4
      [87]:
         5,-3
      [88]:
         5,-2
      [89]:
         5,-1
      [90]:
         5,0
      [91]:
         5,1
      [92]:
         5,2
      [93]:
         5,3
      [94]:
         5,4
      [95]:
         5,5
      [96]:
         5,6
      [97]:
         5,7
      [98]:
         5,8
      [99]:
         5,9
      [100]:
         5,10
      [101]:
         6,-10
      [102]:
         6,-9
      [103]:
         6,-8
      [104]:
         6,-7
      [105]:
         6,-5
      [106]:
         6,-4
      [107]:
         6,-3
      [108]:
         6,-2
      [109]:
         6,-1
      [110]:
         6,0
      [111]:
         6,1
      [112]:
         6,2
      [113]:
         6,3
      [114]:
         6,4
      [115]:
         6,5
      [116]:
         6,6
      [117]:
         6,7
      [118]:
         6,8
      [119]:
         6,9
      [120]:
         6,10
      [121]:
         7,-10
      [122]:
         7,-9
      [123]:
         7,-8
      [124]:
         7,-6
      [125]:
         7,-5
      [126]:
         7,-4
      [127]:
         7,-3
      [128]:
         7,-2
      [129]:
         7,-1
      [130]:
         7,0
      [131]:
         7,1
      [132]:
         7,2
      [133]:
         7,3
      [134]:
         7,4
      [135]:
         7,5
      [136]:
         7,6
      [137]:
         7,7
      [138]:
         7,8
      [139]:
         7,9
      [140]:
         7,10
      [141]:
         8,-10
      [142]:
         8,-9
      [143]:
         8,-7
      [144]:
         8,-6
      [145]:
         8,-5
      [146]:
         8,-4
      [147]:
         8,-3
      [148]:
         8,-2
      [149]:
         8,-1
      [150]:
         8,0
      [151]:
         8,1
      [152]:
         8,2
      [153]:
         8,3
      [154]:
         8,4
      [155]:
         8,5
      [156]:
         8,6
      [157]:
         8,7
      [158]:
         8,8
      [159]:
         8,9
      [160]:
         8,10
      [161]:
         9,-10
      [162]:
         9,-8
      [163]:
         9,-7
      [164]:
         9,-6
      [165]:
         9,-5
      [166]:
         9,-4
      [167]:
         9,-3
      [168]:
         9,-2
      [169]:
         9,-1
      [170]:
         9,0
      [171]:
         9,1
      [172]:
         9,2
      [173]:
         9,3
      [174]:
         9,4
      [175]:
         9,5
      [176]:
         9,6
      [177]:
         9,7
      [178]:
         9,8
      [179]:
         9,9
      [180]:
         9,10
      [181]:
         10,-9
      [182]:
         10,-8
      [183]:
         10,-7
      [184]:
         10,-6
      [185]:
         10,-5
      [186]:
         10,-4
      [187]:
         10,-3
      [188]:
         10,-2
      [189]:
         10,-1
      [190]:
         10,0
      [191]:
         10,1
      [192]:
         10,2
      [193]:
         10,3
      [194]:
         10,4
      [195]:
         10,5
      [196]:
         10,6
      [197]:
         10,7
      [198]:
         10,8
      [199]:
         10,9
      [200]:
         10,10
[66]:
   [1]:
      2,2
   [2]:
      2,1
   [3]:
      2,1
   [4]:
      8,5,8,10
   [5]:
      [1]:
         1,-1
      [2]:
         1,0
      [3]:
         2,-2
      [4]:
         2,0
      [5]:
         3,-3
      [6]:
         3,0
      [7]:
         4,-4
      [8]:
         4,0
      [9]:
         5,-5
      [10]:
         5,0
      [11]:
         6,-6
      [12]:
         6,0
      [13]:
         7,-7
      [14]:
         7,0
      [15]:
         8,-8
      [16]:
         8,0
      [17]:
         9,-9
      [18]:
         9,0
      [19]:
         10,-10
      [20]:
         10,0
[67]:
   [1]:
      2,2
   [2]:
      2,2
   [3]:
      2,1
   [4]:
      8,8,9,13
   [5]:
      [1]:
         1,-10
      [2]:
         1,-9
      [3]:
         1,-8
      [4]:
         1,-7
      [5]:
         1,-6
      [6]:
         1,-5
      [7]:
         1,-4
      [8]:
         1,-3
      [9]:
         1,-2
      [10]:
         1,0
      [11]:
         1,1
      [12]:
         1,2
      [13]:
         1,3
      [14]:
         1,4
      [15]:
         1,5
      [16]:
         1,6
      [17]:
         1,7
      [18]:
         1,8
      [19]:
         1,9
      [20]:
         1,10
      [21]:
         2,-10
      [22]:
         2,-9
      [23]:
         2,-8
      [24]:
         2,-7
      [25]:
         2,-6
      [26]:
         2,-5
      [27]:
         2,-4
      [28]:
         2,-3
      [29]:
         2,-1
      [30]:
         2,0
      [31]:
         2,1
      [32]:
         2,2
      [33]:
         2,3
      [34]:
         2,4
      [35]:
         2,5
      [36]:
         2,6
      [37]:
         2,7
      [38]:
         2,8
      [39]:
         2,9
      [40]:
         2,10
      [41]:
         3,-10
      [42]:
         3,-9
      [43]:
         3,-8
      [44]:
         3,-7
      [45]:
         3,-6
      [46]:
         3,-5
      [47]:
         3,-4
      [48]:
         3,-2
      [49]:
         3,-1
      [50]:
         3,0
      [51]:
         3,1
      [52]:
         3,2
      [53]:
         3,3
      [54]:
         3,4
      [55]:
         3,5
      [56]:
         3,6
      [57]:
         3,7
      [58]:
         3,8
      [59]:
         3,9
      [60]:
         3,10
      [61]:
         4,-10
      [62]:
         4,-9
      [63]:
         4,-8
      [64]:
         4,-7
      [65]:
         4,-6
      [66]:
         4,-5
      [67]:
         4,-3
      [68]:
         4,-2
      [69]:
         4,-1
      [70]:
         4,0
      [71]:
         4,1
      [72]:
         4,2
      [73]:
         4,3
      [74]:
         4,4
      [75]:
         4,5
      [76]:
         4,6
      [77]:
         4,7
      [78]:
         4,8
      [79]:
         4,9
      [80]:
         4,10
      [81]:
         5,-10
      [82]:
         5,-9
      [83]:
         5,-8
      [84]:
         5,-7
      [85]:
         5,-6
      [86]:
         5,-4
      [87]:
         5,-3
      [88]:
         5,-2
      [89]:
         5,-1
      [90]:
         5,0
      [91]:
         5,1
      [92]:
         5,2
      [93]:
         5,3
      [94]:
         5,4
      [95]:
         5,5
      [96]:
         5,6
      [97]:
         5,7
      [98]:
         5,8
      [99]:
         5,9
      [100]:
         5,10
      [101]:
         6,-10
      [102]:
         6,-9
      [103]:
         6,-8
      [104]:
         6,-7
      [105]:
         6,-5
      [106]:
         6,-4
      [107]:
         6,-3
      [108]:
         6,-2
      [109]:
         6,-1
      [110]:
         6,0
      [111]:
         6,1
      [112]:
         6,2
      [113]:
         6,3
      [114]:
         6,4
      [115]:
         6,5
      [116]:
         6,6
      [117]:
         6,7
      [118]:
         6,8
      [119]:
         6,9
      [120]:
         6,10
      [121]:
         7,-10
      [122]:
         7,-9
      [123]:
         7,-8
      [124]:
         7,-6
      [125]:
         7,-5
      [126]:
         7,-4
      [127]:
         7,-3
      [128]:
         7,-2
      [129]:
         7,-1
      [130]:
         7,0
      [131]:
         7,1
      [132]:
         7,2
      [133]:
         7,3
      [134]:
         7,4
      [135]:
         7,5
      [136]:
         7,6
      [137]:
         7,7
      [138]:
         7,8
      [139]:
         7,9
      [140]:
         7,10
      [141]:
         8,-10
      [142]:
         8,-9
      [143]:
         8,-7
      [144]:
         8,-6
      [145]:
         8,-5
      [146]:
         8,-4
      [147]:
         8,-3
      [148]:
         8,-2
      [149]:
         8,-1
      [150]:
         8,0
      [151]:
         8,1
      [152]:
         8,2
      [153]:
         8,3
      [154]:
         8,4
      [155]:
         8,5
      [156]:
         8,6
      [157]:
         8,7
      [158]:
         8,8
      [159]:
         8,9
      [160]:
         8,10
      [161]:
         9,-10
      [162]:
         9,-8
      [163]:
         9,-7
      [164]:
         9,-6
      [165]:
         9,-5
      [166]:
         9,-4
      [167]:
         9,-3
      [168]:
         9,-2
      [169]:
         9,-1
      [170]:
         9,0
      [171]:
         9,1
      [172]:
         9,2
      [173]:
         9,3
      [174]:
         9,4
      [175]:
         9,5
      [176]:
         9,6
      [177]:
         9,7
      [178]:
         9,8
      [179]:
         9,9
      [180]:
         9,10
      [181]:
         10,-9
      [182]:
         10,-8
      [183]:
         10,-7
      [184]:
         10,-6
      [185]:
         10,-5
      [186]:
         10,-4
      [187]:
         10,-3
      [188]:
         10,-2
      [189]:
         10,-1
      [190]:
         10,0
      [191]:
         10,1
      [192]:
         10,2
      [193]:
         10,3
      [194]:
         10,4
      [195]:
         10,5
      [196]:
         10,6
      [197]:
         10,7
      [198]:
         10,8
      [199]:
         10,9
      [200]:
         10,10
[68]:
   [1]:
      2,2
   [2]:
      3,1
   [3]:
      2,1
   [4]:
      8,6,9,13
   [5]:
      [1]:
         1,-1
      [2]:
         1,0
      [3]:
         2,-2
      [4]:
         2,0
      [5]:
         3,-3
      [6]:
         3,0
      [7]:
         4,-4
      [8]:
         4,0
      [9]:
         5,-5
      [10]:
         5,0
      [11]:
         6,-6
      [12]:
         6,0
      [13]:
         7,-7
      [14]:
         7,0
      [15]:
         8,-8
      [16]:
         8,0
      [17]:
         9,-9
      [18]:
         9,0
      [19]:
         10,-10
      [20]:
         10,0
[69]:
   [1]:
      2,3
   [2]:
      1,1
   [3]:
      1,0
   [4]:
      9,3,9,12
   [5]:
      [1]:
         1,0
      [2]:
         1,1
      [3]:
         2,0
      [4]:
         2,2
      [5]:
         3,0
      [6]:
         3,3
      [7]:
         4,0
      [8]:
         4,4
      [9]:
         5,0
      [10]:
         5,5
      [11]:
         6,0
      [12]:
         6,6
      [13]:
         7,0
      [14]:
         7,7
      [15]:
         8,0
      [16]:
         8,8
      [17]:
         9,0
      [18]:
         9,9
      [19]:
         10,0
      [20]:
         10,10
[70]:
   [1]:
      2,3
   [2]:
      1,2
   [3]:
      1,0
   [4]:
      9,5,9,13
   [5]:
      [1]:
         1,0
      [2]:
         1,1
      [3]:
         2,0
      [4]:
         2,2
      [5]:
         3,0
      [6]:
         3,3
      [7]:
         4,0
      [8]:
         4,4
      [9]:
         5,0
      [10]:
         5,5
      [11]:
         6,0
      [12]:
         6,6
      [13]:
         7,0
      [14]:
         7,7
      [15]:
         8,0
      [16]:
         8,8
      [17]:
         9,0
      [18]:
         9,9
      [19]:
         10,0
      [20]:
         10,10
[71]:
   [1]:
      2,3
   [2]:
      1,3
   [3]:
      1,0
   [4]:
      9,6,9,12
   [5]:
      [1]:
         1,0
      [2]:
         1,1
      [3]:
         2,0
      [4]:
         2,2
      [5]:
         3,0
      [6]:
         3,3
      [7]:
         4,0
      [8]:
         4,4
      [9]:
         5,0
      [10]:
         5,5
      [11]:
         6,0
      [12]:
         6,6
      [13]:
         7,0
      [14]:
         7,7
      [15]:
         8,0
      [16]:
         8,8
      [17]:
         9,0
      [18]:
         9,9
      [19]:
         10,0
      [20]:
         10,10
[72]:
   [1]:
      2,3
   [2]:
      1,1
   [3]:
      1,1
   [4]:
      9,3,9,12
   [5]:
      [1]:
         1,-1
      [2]:
         1,0
      [3]:
         2,-2
      [4]:
         2,0
      [5]:
         3,-3
      [6]:
         3,0
      [7]:
         4,-4
      [8]:
         4,0
      [9]:
         5,-5
      [10]:
         5,0
      [11]:
         6,-6
      [12]:
         6,0
      [13]:
         7,-7
      [14]:
         7,0
      [15]:
         8,-8
      [16]:
         8,0
      [17]:
         9,-9
      [18]:
         9,0
      [19]:
         10,-10
      [20]:
         10,0
[73]:
   [1]:
      2,3
   [2]:
      1,2
   [3]:
      1,1
   [4]:
      9,5,9,14
   [5]:
      [1]:
         1,0
      [2]:
         2,0
      [3]:
         3,0
      [4]:
         4,0
      [5]:
         5,0
      [6]:
         6,0
      [7]:
         7,0
      [8]:
         8,0
      [9]:
         9,0
      [10]:
         10,0
[74]:
   [1]:
      2,3
   [2]:
      1,3
   [3]:
      1,1
   [4]:
      9,6,9,15
   [5]:
      [1]:
         1,0
      [2]:
         2,0
      [3]:
         3,0
      [4]:
         4,0
      [5]:
         5,0
      [6]:
         6,0
      [7]:
         7,0
      [8]:
         8,0
      [9]:
         9,0
      [10]:
         10,0
[75]:
   [1]:
      2,3
   [2]:
      1,2
   [3]:
      1,2
   [4]:
      9,5,9,13
   [5]:
      [1]:
         1,-1
      [2]:
         1,0
      [3]:
         2,-2
      [4]:
         2,0
      [5]:
         3,-3
      [6]:
         3,0
      [7]:
         4,-4
      [8]:
         4,0
      [9]:
         5,-5
      [10]:
         5,0
      [11]:
         6,-6
      [12]:
         6,0
      [13]:
         7,-7
      [14]:
         7,0
      [15]:
         8,-8
      [16]:
         8,0
      [17]:
         9,-9
      [18]:
         9,0
      [19]:
         10,-10
      [20]:
         10,0
[76]:
   [1]:
      2,3
   [2]:
      1,3
   [3]:
      1,2
   [4]:
      9,6,9,15
   [5]:
      [1]:
         1,0
      [2]:
         2,0
      [3]:
         3,0
      [4]:
         4,0
      [5]:
         5,0
      [6]:
         6,0
      [7]:
         7,0
      [8]:
         8,0
      [9]:
         9,0
      [10]:
         10,0
[77]:
   [1]:
      2,3
   [2]:
      1,3
   [3]:
      1,3
   [4]:
      9,6,9,12
   [5]:
      [1]:
         1,-1
      [2]:
         1,0
      [3]:
         2,-2
      [4]:
         2,0
      [5]:
         3,-3
      [6]:
         3,0
      [7]:
         4,-4
      [8]:
         4,0
      [9]:
         5,-5
      [10]:
         5,0
      [11]:
         6,-6
      [12]:
         6,0
      [13]:
         7,-7
      [14]:
         7,0
      [15]:
         8,-8
      [16]:
         8,0
      [17]:
         9,-9
      [18]:
         9,0
      [19]:
         10,-10
      [20]:
         10,0
[78]:
   [1]:
      2,3
   [2]:
      2,3
   [3]:
      2,1
   [4]:
      9,9,9,15
   [5]:
      [1]:
         1,-10
      [2]:
         1,-9
      [3]:
         1,-8
      [4]:
         1,-7
      [5]:
         1,-6
      [6]:
         1,-5
      [7]:
         1,-4
      [8]:
         1,-3
      [9]:
         1,-2
      [10]:
         1,-1
      [11]:
         1,0
      [12]:
         1,2
      [13]:
         1,3
      [14]:
         1,4
      [15]:
         1,5
      [16]:
         1,6
      [17]:
         1,7
      [18]:
         1,8
      [19]:
         1,9
      [20]:
         1,10
      [21]:
         2,-10
      [22]:
         2,-9
      [23]:
         2,-8
      [24]:
         2,-7
      [25]:
         2,-6
      [26]:
         2,-5
      [27]:
         2,-4
      [28]:
         2,-3
      [29]:
         2,-2
      [30]:
         2,0
      [31]:
         2,3
      [32]:
         2,4
      [33]:
         2,5
      [34]:
         2,6
      [35]:
         2,7
      [36]:
         2,8
      [37]:
         2,9
      [38]:
         2,10
      [39]:
         3,-10
      [40]:
         3,-9
      [41]:
         3,-8
      [42]:
         3,-7
      [43]:
         3,-6
      [44]:
         3,-5
      [45]:
         3,-4
      [46]:
         3,-3
      [47]:
         3,-2
      [48]:
         3,-1
      [49]:
         3,0
      [50]:
         3,1
      [51]:
         3,2
      [52]:
         3,4
      [53]:
         3,5
      [54]:
         3,6
      [55]:
         3,7
      [56]:
         3,8
      [57]:
         3,9
      [58]:
         3,10
      [59]:
         4,-10
      [60]:
         4,-9
      [61]:
         4,-8
      [62]:
         4,-7
      [63]:
         4,-6
      [64]:
         4,-5
      [65]:
         4,-4
      [66]:
         4,-3
      [67]:
         4,-1
      [68]:
         4,0
      [69]:
         4,1
      [70]:
         4,3
      [71]:
         4,5
      [72]:
         4,6
      [73]:
         4,7
      [74]:
         4,8
      [75]:
         4,9
      [76]:
         4,10
      [77]:
         5,-10
      [78]:
         5,-9
      [79]:
         5,-8
      [80]:
         5,-7
      [81]:
         5,-6
      [82]:
         5,-5
      [83]:
         5,-4
      [84]:
         5,-3
      [85]:
         5,-2
      [86]:
         5,-1
      [87]:
         5,0
      [88]:
         5,1
      [89]:
         5,2
      [90]:
         5,3
      [91]:
         5,4
      [92]:
         5,6
      [93]:
         5,7
      [94]:
         5,8
      [95]:
         5,9
      [96]:
         5,10
      [97]:
         6,-10
      [98]:
         6,-9
      [99]:
         6,-8
      [100]:
         6,-7
      [101]:
         6,-6
      [102]:
         6,-5
      [103]:
         6,-4
      [104]:
         6,-2
      [105]:
         6,-1
      [106]:
         6,0
      [107]:
         6,1
      [108]:
         6,2
      [109]:
         6,4
      [110]:
         6,5
      [111]:
         6,7
      [112]:
         6,8
      [113]:
         6,9
      [114]:
         6,10
      [115]:
         7,-10
      [116]:
         7,-9
      [117]:
         7,-8
      [118]:
         7,-7
      [119]:
         7,-6
      [120]:
         7,-5
      [121]:
         7,-4
      [122]:
         7,-3
      [123]:
         7,-2
      [124]:
         7,-1
      [125]:
         7,0
      [126]:
         7,1
      [127]:
         7,2
      [128]:
         7,3
      [129]:
         7,4
      [130]:
         7,5
      [131]:
         7,6
      [132]:
         7,8
      [133]:
         7,9
      [134]:
         7,10
      [135]:
         8,-10
      [136]:
         8,-9
      [137]:
         8,-8
      [138]:
         8,-7
      [139]:
         8,-6
      [140]:
         8,-5
      [141]:
         8,-3
      [142]:
         8,-2
      [143]:
         8,-1
      [144]:
         8,0
      [145]:
         8,1
      [146]:
         8,2
      [147]:
         8,3
      [148]:
         8,5
      [149]:
         8,6
      [150]:
         8,7
      [151]:
         8,9
      [152]:
         8,10
      [153]:
         9,-10
      [154]:
         9,-9
      [155]:
         9,-8
      [156]:
         9,-7
      [157]:
         9,-6
      [158]:
         9,-5
      [159]:
         9,-4
      [160]:
         9,-3
      [161]:
         9,-2
      [162]:
         9,-1
      [163]:
         9,0
      [164]:
         9,1
      [165]:
         9,2
      [166]:
         9,3
      [167]:
         9,4
      [168]:
         9,5
      [169]:
         9,6
      [170]:
         9,7
      [171]:
         9,8
      [172]:
         9,10
      [173]:
         10,-10
      [174]:
         10,-9
      [175]:
         10,-8
      [176]:
         10,-7
      [177]:
         10,-6
      [178]:
         10,-4
      [179]:
         10,-3
      [180]:
         10,-2
      [181]:
         10,-1
      [182]:
         10,0
      [183]:
         10,1
      [184]:
         10,2
      [185]:
         10,3
      [186]:
         10,4
      [187]:
         10,6
      [188]:
         10,7
      [189]:
         10,8
      [190]:
         10,9
[79]:
   [1]:
      2,3
   [2]:
      2,3
   [3]:
      2,2
   [4]:
      9,9,9,15
   [5]:
      [1]:
         1,-10
      [2]:
         1,-9
      [3]:
         1,-8
      [4]:
         1,-7
      [5]:
         1,-6
      [6]:
         1,-5
      [7]:
         1,-4
      [8]:
         1,-3
      [9]:
         1,-2
      [10]:
         1,0
      [11]:
         1,1
      [12]:
         1,2
      [13]:
         1,3
      [14]:
         1,4
      [15]:
         1,5
      [16]:
         1,6
      [17]:
         1,7
      [18]:
         1,8
      [19]:
         1,9
      [20]:
         1,10
      [21]:
         2,-10
      [22]:
         2,-9
      [23]:
         2,-8
      [24]:
         2,-7
      [25]:
         2,-6
      [26]:
         2,-5
      [27]:
         2,-4
      [28]:
         2,-3
      [29]:
         2,0
      [30]:
         2,2
      [31]:
         2,3
      [32]:
         2,4
      [33]:
         2,5
      [34]:
         2,6
      [35]:
         2,7
      [36]:
         2,8
      [37]:
         2,9
      [38]:
         2,10
      [39]:
         3,-10
      [40]:
         3,-9
      [41]:
         3,-8
      [42]:
         3,-7
      [43]:
         3,-6
      [44]:
         3,-5
      [45]:
         3,-4
      [46]:
         3,-2
      [47]:
         3,-1
      [48]:
         3,0
      [49]:
         3,1
      [50]:
         3,2
      [51]:
         3,3
      [52]:
         3,4
      [53]:
         3,5
      [54]:
         3,6
      [55]:
         3,7
      [56]:
         3,8
      [57]:
         3,9
      [58]:
         3,10
      [59]:
         4,-10
      [60]:
         4,-9
      [61]:
         4,-8
      [62]:
         4,-7
      [63]:
         4,-6
      [64]:
         4,-5
      [65]:
         4,-3
      [66]:
         4,-1
      [67]:
         4,0
      [68]:
         4,1
      [69]:
         4,3
      [70]:
         4,4
      [71]:
         4,5
      [72]:
         4,6
      [73]:
         4,7
      [74]:
         4,8
      [75]:
         4,9
      [76]:
         4,10
      [77]:
         5,-10
      [78]:
         5,-9
      [79]:
         5,-8
      [80]:
         5,-7
      [81]:
         5,-6
      [82]:
         5,-4
      [83]:
         5,-3
      [84]:
         5,-2
      [85]:
         5,-1
      [86]:
         5,0
      [87]:
         5,1
      [88]:
         5,2
      [89]:
         5,3
      [90]:
         5,4
      [91]:
         5,5
      [92]:
         5,6
      [93]:
         5,7
      [94]:
         5,8
      [95]:
         5,9
      [96]:
         5,10
      [97]:
         6,-10
      [98]:
         6,-9
      [99]:
         6,-8
      [100]:
         6,-7
      [101]:
         6,-5
      [102]:
         6,-4
      [103]:
         6,-2
      [104]:
         6,-1
      [105]:
         6,0
      [106]:
         6,1
      [107]:
         6,2
      [108]:
         6,4
      [109]:
         6,5
      [110]:
         6,6
      [111]:
         6,7
      [112]:
         6,8
      [113]:
         6,9
      [114]:
         6,10
      [115]:
         7,-10
      [116]:
         7,-9
      [117]:
         7,-8
      [118]:
         7,-6
      [119]:
         7,-5
      [120]:
         7,-4
      [121]:
         7,-3
      [122]:
         7,-2
      [123]:
         7,-1
      [124]:
         7,0
      [125]:
         7,1
      [126]:
         7,2
      [127]:
         7,3
      [128]:
         7,4
      [129]:
         7,5
      [130]:
         7,6
      [131]:
         7,7
      [132]:
         7,8
      [133]:
         7,9
      [134]:
         7,10
      [135]:
         8,-10
      [136]:
         8,-9
      [137]:
         8,-7
      [138]:
         8,-6
      [139]:
         8,-5
      [140]:
         8,-3
      [141]:
         8,-2
      [142]:
         8,-1
      [143]:
         8,0
      [144]:
         8,1
      [145]:
         8,2
      [146]:
         8,3
      [147]:
         8,5
      [148]:
         8,6
      [149]:
         8,7
      [150]:
         8,8
      [151]:
         8,9
      [152]:
         8,10
      [153]:
         9,-10
      [154]:
         9,-8
      [155]:
         9,-7
      [156]:
         9,-6
      [157]:
         9,-5
      [158]:
         9,-4
      [159]:
         9,-3
      [160]:
         9,-2
      [161]:
         9,-1
      [162]:
         9,0
      [163]:
         9,1
      [164]:
         9,2
      [165]:
         9,3
      [166]:
         9,4
      [167]:
         9,5
      [168]:
         9,6
      [169]:
         9,7
      [170]:
         9,8
      [171]:
         9,9
      [172]:
         9,10
      [173]:
         10,-9
      [174]:
         10,-8
      [175]:
         10,-7
      [176]:
         10,-6
      [177]:
         10,-4
      [178]:
         10,-3
      [179]:
         10,-2
      [180]:
         10,-1
      [181]:
         10,0
      [182]:
         10,1
      [183]:
         10,2
      [184]:
         10,3
      [185]:
         10,4
      [186]:
         10,6
      [187]:
         10,7
      [188]:
         10,8
      [189]:
         10,9
      [190]:
         10,10
