
> compo0;
[1]:
   [1]:
      1,1
   [2]:
      1,2
   [3]:
      0,0
   [4]:
      2,3,4,5
[2]:
   [1]:
      1,1
   [2]:
      2,1
   [3]:
      0,0
   [4]:
      2,3,4,5
[3]:
   [1]:
      1,1
   [2]:
      2,2
   [3]:
      0,0
   [4]:
      2,4,4,6
[4]:
   [1]:
      1,1
   [2]:
      1,2
   [3]:
      0,1
   [4]:
      2,3,4,5
[5]:
   [1]:
      1,1
   [2]:
      2,2
   [3]:
      0,1
   [4]:
      2,4,4,6
[6]:
   [1]:
      1,1
   [2]:
      2,1
   [3]:
      1,0
   [4]:
      2,3,4,5
[7]:
   [1]:
      1,1
   [2]:
      2,2
   [3]:
      1,0
   [4]:
      2,4,4,6
[8]:
   [1]:
      1,1
   [2]:
      2,2
   [3]:
      1,1
   [4]:
      2,4,4,6
[9]:
   [1]:
      1,2
   [2]:
      1,1
   [3]:
      0,0
   [4]:
      3,2,4,5
[10]:
   [1]:
      1,2
   [2]:
      1,2
   [3]:
      0,0
   [4]:
      3,3,4,6
[11]:
   [1]:
      1,2
   [2]:
      2,1
   [3]:
      0,0
   [4]:
      3,3,4,6
[12]:
   [1]:
      1,2
   [2]:
      2,2
   [3]:
      0,0
   [4]:
      3,4,4,7
[13]:
   [1]:
      1,2
   [2]:
      1,1
   [3]:
      0,1
   [4]:
      3,2,4,5
[14]:
   [1]:
      1,2
   [2]:
      1,2
   [3]:
      0,1
   [4]:
      3,3,4,6
[15]:
   [1]:
      1,2
   [2]:
      2,1
   [3]:
      0,1
   [4]:
      3,3,4,6
[16]:
   [1]:
      1,2
   [2]:
      2,2
   [3]:
      0,1
   [4]:
      3,4,4,7
[17]:
   [1]:
      1,2
   [2]:
      1,2
   [3]:
      0,2
   [4]:
      3,3,4,6
[18]:
   [1]:
      1,2
   [2]:
      2,2
   [3]:
      0,2
   [4]:
      3,4,4,7
[19]:
   [1]:
      1,2
   [2]:
      2,1
   [3]:
      1,0
   [4]:
      3,3,4,6
[20]:
   [1]:
      1,2
   [2]:
      2,2
   [3]:
      1,0
   [4]:
      3,4,4,7
[21]:
   [1]:
      1,2
   [2]:
      2,1
   [3]:
      1,1
   [4]:
      3,3,4,6
[22]:
   [1]:
      1,2
   [2]:
      2,2
   [3]:
      1,1
   [4]:
      3,4,4,7
[23]:
   [1]:
      1,2
   [2]:
      2,2
   [3]:
      1,2
   [4]:
      3,4,4,6
[24]:
   [1]:
      2,2
   [2]:
      1,1
   [3]:
      0,0
   [4]:
      4,2,4,6
[25]:
   [1]:
      2,2
   [2]:
      1,2
   [3]:
      0,0
   [4]:
      4,3,4,7
[26]:
   [1]:
      2,2
   [2]:
      2,1
   [3]:
      0,0
   [4]:
      4,3,4,7
[27]:
   [1]:
      2,2
   [2]:
      2,2
   [3]:
      0,0
   [4]:
      4,4,4,8
[28]:
   [1]:
      2,2
   [2]:
      1,1
   [3]:
      0,1
   [4]:
      4,2,4,6
[29]:
   [1]:
      2,2
   [2]:
      1,2
   [3]:
      0,1
   [4]:
      4,3,4,7
[30]:
   [1]:
      2,2
   [2]:
      2,1
   [3]:
      0,1
   [4]:
      4,3,4,7
[31]:
   [1]:
      2,2
   [2]:
      2,2
   [3]:
      0,1
   [4]:
      4,4,4,8
[32]:
   [1]:
      2,2
   [2]:
      1,2
   [3]:
      0,2
   [4]:
      4,3,4,7
[33]:
   [1]:
      2,2
   [2]:
      2,2
   [3]:
      0,2
   [4]:
      4,4,4,7
[34]:
   [1]:
      2,2
   [2]:
      1,1
   [3]:
      1,0
   [4]:
      4,2,4,6
[35]:
   [1]:
      2,2
   [2]:
      1,2
   [3]:
      1,0
   [4]:
      4,3,4,7
[36]:
   [1]:
      2,2
   [2]:
      2,1
   [3]:
      1,0
   [4]:
      4,3,4,7
[37]:
   [1]:
      2,2
   [2]:
      2,2
   [3]:
      1,0
   [4]:
      4,4,4,8
[38]:
   [1]:
      2,2
   [2]:
      1,1
   [3]:
      1,1
   [4]:
      4,2,4,6
[39]:
   [1]:
      2,2
   [2]:
      1,2
   [3]:
      1,1
   [4]:
      4,3,4,7
[40]:
   [1]:
      2,2
   [2]:
      2,1
   [3]:
      1,1
   [4]:
      4,3,4,7
[41]:
   [1]:
      2,2
   [2]:
      2,2
   [3]:
      1,1
   [4]:
      4,4,4,8
[42]:
   [1]:
      2,2
   [2]:
      1,2
   [3]:
      1,2
   [4]:
      4,3,4,6
[43]:
   [1]:
      2,2
   [2]:
      2,2
   [3]:
      1,2
   [4]:
      4,4,4,7
[44]:
   [1]:
      2,2
   [2]:
      2,1
   [3]:
      2,0
   [4]:
      4,3,4,7
[45]:
   [1]:
      2,2
   [2]:
      2,2
   [3]:
      2,0
   [4]:
      4,4,4,7
[46]:
   [1]:
      2,2
   [2]:
      2,1
   [3]:
      2,1
   [4]:
      4,3,4,6
[47]:
   [1]:
      2,2
   [2]:
      2,2
   [3]:
      2,1
   [4]:
      4,4,4,7
