> compo0;
[1]:
   [1]:
      1,1
   [2]:
      3,3
   [3]:
      0,0
   [4]:
      4,18,20,22
[2]:
   [1]:
      1,2
   [2]:
      3,3
   [3]:
      0,0
   [4]:
      7,18,20,25
[3]:
   [1]:
      1,2
   [2]:
      3,3
   [3]:
      0,1
   [4]:
      7,18,20,25
[4]:
   [1]:
      1,3
   [2]:
      3,3
   [3]:
      0,0
   [4]:
      9,18,20,27
[5]:
   [1]:
      1,3
   [2]:
      3,3
   [3]:
      0,1
   [4]:
      9,18,20,27
[6]:
   [1]:
      1,3
   [2]:
      3,3
   [3]:
      0,2
   [4]:
      9,18,20,27
[7]:
   [1]:
      2,2
   [2]:
      2,2
   [3]:
      0,0
   [4]:
      12,12,20,24
[8]:
   [1]:
      2,2
   [2]:
      2,3
   [3]:
      0,0
   [4]:
      12,15,20,27
[9]:
   [1]:
      2,2
   [2]:
      3,2
   [3]:
      0,0
   [4]:
      12,15,20,27
[10]:
   [1]:
      2,2
   [2]:
      3,3
   [3]:
      0,0
   [4]:
      12,18,20,30
[11]:
   [1]:
      2,2
   [2]:
      2,3
   [3]:
      0,1
   [4]:
      12,15,20,27
[12]:
   [1]:
      2,2
   [2]:
      3,3
   [3]:
      0,1
   [4]:
      12,18,20,30
[13]:
   [1]:
      2,2
   [2]:
      3,2
   [3]:
      1,0
   [4]:
      12,15,20,27
[14]:
   [1]:
      2,2
   [2]:
      3,3
   [3]:
      1,0
   [4]:
      12,18,20,30
[15]:
   [1]:
      2,2
   [2]:
      3,3
   [3]:
      1,1
   [4]:
      12,18,20,30
[16]:
   [1]:
      2,3
   [2]:
      2,2
   [3]:
      0,0
   [4]:
      15,12,20,27
[17]:
   [1]:
      2,3
   [2]:
      2,3
   [3]:
      0,0
   [4]:
      15,15,20,30
[18]:
   [1]:
      2,3
   [2]:
      3,2
   [3]:
      0,0
   [4]:
      15,15,20,30
[19]:
   [1]:
      2,3
   [2]:
      3,3
   [3]:
      0,0
   [4]:
      15,18,20,32
[20]:
   [1]:
      2,3
   [2]:
      2,2
   [3]:
      0,1
   [4]:
      15,12,20,27
[21]:
   [1]:
      2,3
   [2]:
      2,3
   [3]:
      0,1
   [4]:
      15,15,20,30
[22]:
   [1]:
      2,3
   [2]:
      3,2
   [3]:
      0,1
   [4]:
      15,15,20,30
[23]:
   [1]:
      2,3
   [2]:
      3,3
   [3]:
      0,1
   [4]:
      15,18,20,33
[24]:
   [1]:
      2,3
   [2]:
      2,3
   [3]:
      0,2
   [4]:
      15,15,20,30
[25]:
   [1]:
      2,3
   [2]:
      3,3
   [3]:
      0,2
   [4]:
      15,18,20,33
[26]:
   [1]:
      2,3
   [2]:
      3,2
   [3]:
      1,0
   [4]:
      15,15,20,30
[27]:
   [1]:
      2,3
   [2]:
      3,3
   [3]:
      1,0
   [4]:
      15,18,20,32
[28]:
   [1]:
      2,3
   [2]:
      3,2
   [3]:
      1,1
   [4]:
      15,15,20,30
[29]:
   [1]:
      2,3
   [2]:
      3,3
   [3]:
      1,1
   [4]:
      15,18,20,33
[30]:
   [1]:
      2,3
   [2]:
      3,3
   [3]:
      1,2
   [4]:
      15,18,20,33
[31]:
   [1]:
      3,3
   [2]:
      1,1
   [3]:
      0,0
   [4]:
      18,4,20,22
[32]:
   [1]:
      3,3
   [2]:
      1,2
   [3]:
      0,0
   [4]:
      18,7,20,25
[33]:
   [1]:
      3,3
   [2]:
      1,3
   [3]:
      0,0
   [4]:
      18,9,20,27
[34]:
   [1]:
      3,3
   [2]:
      2,1
   [3]:
      0,0
   [4]:
      18,7,20,25
[35]:
   [1]:
      3,3
   [2]:
      2,2
   [3]:
      0,0
   [4]:
      18,12,20,30
[36]:
   [1]:
      3,3
   [2]:
      2,3
   [3]:
      0,0
   [4]:
      18,15,20,32
[37]:
   [1]:
      3,3
   [2]:
      3,1
   [3]:
      0,0
   [4]:
      18,9,20,27
[38]:
   [1]:
      3,3
   [2]:
      3,2
   [3]:
      0,0
   [4]:
      18,15,20,32
[39]:
   [1]:
      3,3
   [2]:
      3,3
   [3]:
      0,0
   [4]:
      18,18,20,32
[40]:
   [1]:
      3,3
   [2]:
      1,2
   [3]:
      0,1
   [4]:
      18,7,20,25
[41]:
   [1]:
      3,3
   [2]:
      1,3
   [3]:
      0,1
   [4]:
      18,9,20,27
[42]:
   [1]:
      3,3
   [2]:
      2,2
   [3]:
      0,1
   [4]:
      18,12,20,30
[43]:
   [1]:
      3,3
   [2]:
      2,3
   [3]:
      0,1
   [4]:
      18,15,20,33
[44]:
   [1]:
      3,3
   [2]:
      3,2
   [3]:
      0,1
   [4]:
      18,15,20,32
[45]:
   [1]:
      3,3
   [2]:
      3,3
   [3]:
      0,1
   [4]:
      18,18,20,34
[46]:
   [1]:
      3,3
   [2]:
      1,3
   [3]:
      0,2
   [4]:
      18,9,20,27
[47]:
   [1]:
      3,3
   [2]:
      2,3
   [3]:
      0,2
   [4]:
      18,15,20,33
[48]:
   [1]:
      3,3
   [2]:
      3,3
   [3]:
      0,2
   [4]:
      18,18,20,34
[49]:
   [1]:
      3,3
   [2]:
      2,1
   [3]:
      1,0
   [4]:
      18,7,20,25
[50]:
   [1]:
      3,3
   [2]:
      2,2
   [3]:
      1,0
   [4]:
      18,12,20,30
[51]:
   [1]:
      3,3
   [2]:
      2,3
   [3]:
      1,0
   [4]:
      18,15,20,32
[52]:
   [1]:
      3,3
   [2]:
      3,1
   [3]:
      1,0
   [4]:
      18,9,20,27
[53]:
   [1]:
      3,3
   [2]:
      3,2
   [3]:
      1,0
   [4]:
      18,15,20,33
[54]:
   [1]:
      3,3
   [2]:
      3,3
   [3]:
      1,0
   [4]:
      18,18,20,34
[55]:
   [1]:
      3,3
   [2]:
      2,2
   [3]:
      1,1
   [4]:
      18,12,20,30
[56]:
   [1]:
      3,3
   [2]:
      2,3
   [3]:
      1,1
   [4]:
      18,15,20,33
[57]:
   [1]:
      3,3
   [2]:
      3,2
   [3]:
      1,1
   [4]:
      18,15,20,33
[58]:
   [1]:
      3,3
   [2]:
      3,3
   [3]:
      1,1
   [4]:
      18,18,20,36
[59]:
   [1]:
      3,3
   [2]:
      2,3
   [3]:
      1,2
   [4]:
      18,15,20,33
[60]:
   [1]:
      3,3
   [2]:
      3,3
   [3]:
      1,2
   [4]:
      18,18,20,36
[61]:
   [1]:
      3,3
   [2]:
      3,1
   [3]:
      2,0
   [4]:
      18,9,20,27
[62]:
   [1]:
      3,3
   [2]:
      3,2
   [3]:
      2,0
   [4]:
      18,15,20,33
[63]:
   [1]:
      3,3
   [2]:
      3,3
   [3]:
      2,0
   [4]:
      18,18,20,34
[64]:
   [1]:
      3,3
   [2]:
      3,2
   [3]:
      2,1
   [4]:
      18,15,20,33
[65]:
   [1]:
      3,3
   [2]:
      3,3
   [3]:
      2,1
   [4]:
      18,18,20,36
[66]:
   [1]:
      3,3
   [2]:
      3,3
   [3]:
      2,2
   [4]:
      18,18,20,36

      
      
      
      
      
      
      
