> compo4;
[1]:
   [1]:
      1,1
   [2]:
      3,3
   [3]:
      0,0
   [4]:
      5,27,31,32
   [5]:
      [1]:
         1,-10
      [2]:
         1,-9
      [3]:
         1,-8
      [4]:
         1,-7
      [5]:
         1,-6
      [6]:
         1,-5
      [7]:
         1,-4
      [8]:
         1,-3
      [9]:
         1,-2
      [10]:
         1,-1
      [11]:
         1,0
      [12]:
         1,1
      [13]:
         1,2
      [14]:
         1,3
      [15]:
         1,4
      [16]:
         1,5
      [17]:
         1,6
      [18]:
         1,7
      [19]:
         1,8
      [20]:
         1,9
      [21]:
         1,10
      [22]:
         2,-10
      [23]:
         2,-9
      [24]:
         2,-8
      [25]:
         2,-7
      [26]:
         2,-6
      [27]:
         2,-5
      [28]:
         2,-4
      [29]:
         2,-3
      [30]:
         2,-2
      [31]:
         2,-1
      [32]:
         2,0
      [33]:
         2,1
      [34]:
         2,2
      [35]:
         2,3
      [36]:
         2,4
      [37]:
         2,5
      [38]:
         2,6
      [39]:
         2,7
      [40]:
         2,8
      [41]:
         2,9
      [42]:
         2,10
      [43]:
         3,-10
      [44]:
         3,-9
      [45]:
         3,-8
      [46]:
         3,-7
      [47]:
         3,-6
      [48]:
         3,-5
      [49]:
         3,-4
      [50]:
         3,-3
      [51]:
         3,-2
      [52]:
         3,-1
      [53]:
         3,0
      [54]:
         3,1
      [55]:
         3,2
      [56]:
         3,3
      [57]:
         3,4
      [58]:
         3,5
      [59]:
         3,6
      [60]:
         3,7
      [61]:
         3,8
      [62]:
         3,9
      [63]:
         3,10
      [64]:
         4,-10
      [65]:
         4,-9
      [66]:
         4,-8
      [67]:
         4,-7
      [68]:
         4,-6
      [69]:
         4,-5
      [70]:
         4,-4
      [71]:
         4,-3
      [72]:
         4,-2
      [73]:
         4,-1
      [74]:
         4,0
      [75]:
         4,1
      [76]:
         4,2
      [77]:
         4,3
      [78]:
         4,4
      [79]:
         4,5
      [80]:
         4,6
      [81]:
         4,7
      [82]:
         4,8
      [83]:
         4,9
      [84]:
         4,10
      [85]:
         5,-10
      [86]:
         5,-9
      [87]:
         5,-8
      [88]:
         5,-7
      [89]:
         5,-6
      [90]:
         5,-5
      [91]:
         5,-4
      [92]:
         5,-3
      [93]:
         5,-2
      [94]:
         5,-1
      [95]:
         5,0
      [96]:
         5,1
      [97]:
         5,2
      [98]:
         5,3
      [99]:
         5,4
      [100]:
         5,5
      [101]:
         5,6
      [102]:
         5,7
      [103]:
         5,8
      [104]:
         5,9
      [105]:
         5,10
      [106]:
         6,-10
      [107]:
         6,-9
      [108]:
         6,-8
      [109]:
         6,-7
      [110]:
         6,-6
      [111]:
         6,-5
      [112]:
         6,-4
      [113]:
         6,-3
      [114]:
         6,-2
      [115]:
         6,-1
      [116]:
         6,0
      [117]:
         6,1
      [118]:
         6,2
      [119]:
         6,3
      [120]:
         6,4
      [121]:
         6,5
      [122]:
         6,6
      [123]:
         6,7
      [124]:
         6,8
      [125]:
         6,9
      [126]:
         6,10
      [127]:
         7,-10
      [128]:
         7,-9
      [129]:
         7,-8
      [130]:
         7,-7
      [131]:
         7,-6
      [132]:
         7,-5
      [133]:
         7,-4
      [134]:
         7,-3
      [135]:
         7,-2
      [136]:
         7,-1
      [137]:
         7,0
      [138]:
         7,1
      [139]:
         7,2
      [140]:
         7,3
      [141]:
         7,4
      [142]:
         7,5
      [143]:
         7,6
      [144]:
         7,7
      [145]:
         7,8
      [146]:
         7,9
      [147]:
         7,10
      [148]:
         8,-10
      [149]:
         8,-9
      [150]:
         8,-8
      [151]:
         8,-7
      [152]:
         8,-6
      [153]:
         8,-5
      [154]:
         8,-4
      [155]:
         8,-3
      [156]:
         8,-2
      [157]:
         8,-1
      [158]:
         8,0
      [159]:
         8,1
      [160]:
         8,2
      [161]:
         8,3
      [162]:
         8,4
      [163]:
         8,5
      [164]:
         8,6
      [165]:
         8,7
      [166]:
         8,8
      [167]:
         8,9
      [168]:
         8,10
      [169]:
         9,-10
      [170]:
         9,-9
      [171]:
         9,-8
      [172]:
         9,-7
      [173]:
         9,-6
      [174]:
         9,-5
      [175]:
         9,-4
      [176]:
         9,-3
      [177]:
         9,-2
      [178]:
         9,-1
      [179]:
         9,0
      [180]:
         9,1
      [181]:
         9,2
      [182]:
         9,3
      [183]:
         9,4
      [184]:
         9,5
      [185]:
         9,6
      [186]:
         9,7
      [187]:
         9,8
      [188]:
         9,9
      [189]:
         9,10
      [190]:
         10,-10
      [191]:
         10,-9
      [192]:
         10,-8
      [193]:
         10,-7
      [194]:
         10,-6
      [195]:
         10,-5
      [196]:
         10,-4
      [197]:
         10,-3
      [198]:
         10,-2
      [199]:
         10,-1
      [200]:
         10,0
      [201]:
         10,1
      [202]:
         10,2
      [203]:
         10,3
      [204]:
         10,4
      [205]:
         10,5
      [206]:
         10,6
      [207]:
         10,7
      [208]:
         10,8
      [209]:
         10,9
      [210]:
         10,10
> 


> compo4;
[1]:
   [1]:
      3,3
   [2]:
      1,1
   [3]:
      0,0
   [4]:
      27,5,31,32
   [5]:
      [1]:
         1,-10
      [2]:
         1,-9
      [3]:
         1,-8
      [4]:
         1,-7
      [5]:
         1,-6
      [6]:
         1,-5
      [7]:
         1,-4
      [8]:
         1,-3
      [9]:
         1,-2
      [10]:
         1,-1
      [11]:
         1,0
      [12]:
         1,1
      [13]:
         1,2
      [14]:
         1,3
      [15]:
         1,4
      [16]:
         1,5
      [17]:
         1,6
      [18]:
         1,7
      [19]:
         1,8
      [20]:
         1,9
      [21]:
         1,10
      [22]:
         2,-10
      [23]:
         2,-9
      [24]:
         2,-8
      [25]:
         2,-7
      [26]:
         2,-6
      [27]:
         2,-5
      [28]:
         2,-4
      [29]:
         2,-3
      [30]:
         2,-2
      [31]:
         2,-1
      [32]:
         2,0
      [33]:
         2,1
      [34]:
         2,2
      [35]:
         2,3
      [36]:
         2,4
      [37]:
         2,5
      [38]:
         2,6
      [39]:
         2,7
      [40]:
         2,8
      [41]:
         2,9
      [42]:
         2,10
      [43]:
         3,-10
      [44]:
         3,-9
      [45]:
         3,-8
      [46]:
         3,-7
      [47]:
         3,-6
      [48]:
         3,-5
      [49]:
         3,-4
      [50]:
         3,-3
      [51]:
         3,-2
      [52]:
         3,-1
      [53]:
         3,0
      [54]:
         3,1
      [55]:
         3,2
      [56]:
         3,3
      [57]:
         3,4
      [58]:
         3,5
      [59]:
         3,6
      [60]:
         3,7
      [61]:
         3,8
      [62]:
         3,9
      [63]:
         3,10
      [64]:
         4,-10
      [65]:
         4,-9
      [66]:
         4,-8
      [67]:
         4,-7
      [68]:
         4,-6
      [69]:
         4,-5
      [70]:
         4,-4
      [71]:
         4,-3
      [72]:
         4,-2
      [73]:
         4,-1
      [74]:
         4,0
      [75]:
         4,1
      [76]:
         4,2
      [77]:
         4,3
      [78]:
         4,4
      [79]:
         4,5
      [80]:
         4,6
      [81]:
         4,7
      [82]:
         4,8
      [83]:
         4,9
      [84]:
         4,10
      [85]:
         5,-10
      [86]:
         5,-9
      [87]:
         5,-8
      [88]:
         5,-7
      [89]:
         5,-6
      [90]:
         5,-5
      [91]:
         5,-4
      [92]:
         5,-3
      [93]:
         5,-2
      [94]:
         5,-1
      [95]:
         5,0
      [96]:
         5,1
      [97]:
         5,2
      [98]:
         5,3
      [99]:
         5,4
      [100]:
         5,5
      [101]:
         5,6
      [102]:
         5,7
      [103]:
         5,8
      [104]:
         5,9
      [105]:
         5,10
      [106]:
         6,-10
      [107]:
         6,-9
      [108]:
         6,-8
      [109]:
         6,-7
      [110]:
         6,-6
      [111]:
         6,-5
      [112]:
         6,-4
      [113]:
         6,-3
      [114]:
         6,-2
      [115]:
         6,-1
      [116]:
         6,0
      [117]:
         6,1
      [118]:
         6,2
      [119]:
         6,3
      [120]:
         6,4
      [121]:
         6,5
      [122]:
         6,6
      [123]:
         6,7
      [124]:
         6,8
      [125]:
         6,9
      [126]:
         6,10
      [127]:
         7,-10
      [128]:
         7,-9
      [129]:
         7,-8
      [130]:
         7,-7
      [131]:
         7,-6
      [132]:
         7,-5
      [133]:
         7,-4
      [134]:
         7,-3
      [135]:
         7,-2
      [136]:
         7,-1
      [137]:
         7,0
      [138]:
         7,1
      [139]:
         7,2
      [140]:
         7,3
      [141]:
         7,4
      [142]:
         7,5
      [143]:
         7,6
      [144]:
         7,7
      [145]:
         7,8
      [146]:
         7,9
      [147]:
         7,10
      [148]:
         8,-10
      [149]:
         8,-9
      [150]:
         8,-8
      [151]:
         8,-7
      [152]:
         8,-6
      [153]:
         8,-5
      [154]:
         8,-4
      [155]:
         8,-3
      [156]:
         8,-2
      [157]:
         8,-1
      [158]:
         8,0
      [159]:
         8,1
      [160]:
         8,2
      [161]:
         8,3
      [162]:
         8,4
      [163]:
         8,5
      [164]:
         8,6
      [165]:
         8,7
      [166]:
         8,8
      [167]:
         8,9
      [168]:
         8,10
      [169]:
         9,-10
      [170]:
         9,-9
      [171]:
         9,-8
      [172]:
         9,-7
      [173]:
         9,-6
      [174]:
         9,-5
      [175]:
         9,-4
      [176]:
         9,-3
      [177]:
         9,-2
      [178]:
         9,-1
      [179]:
         9,0
      [180]:
         9,1
      [181]:
         9,2
      [182]:
         9,3
      [183]:
         9,4
      [184]:
         9,5
      [185]:
         9,6
      [186]:
         9,7
      [187]:
         9,8
      [188]:
         9,9
      [189]:
         9,10
      [190]:
         10,-10
      [191]:
         10,-9
      [192]:
         10,-8
      [193]:
         10,-7
      [194]:
         10,-6
      [195]:
         10,-5
      [196]:
         10,-4
      [197]:
         10,-3
      [198]:
         10,-2
      [199]:
         10,-1
      [200]:
         10,0
      [201]:
         10,1
      [202]:
         10,2
      [203]:
         10,3
      [204]:
         10,4
      [205]:
         10,5
      [206]:
         10,6
      [207]:
         10,7
      [208]:
         10,8
      [209]:
         10,9
      [210]:
         10,10
> 
