[1]:
   [1]:
      1,1
   [2]:
      2,1
   [3]:
      0,1
   [4]:
      2,3,3,5
   [5]:
      [1]:
         1,0
      [2]:
         1,1
      [3]:
         2,0
      [4]:
         2,2
      [5]:
         3,0
      [6]:
         3,3
      [7]:
         4,0
      [8]:
         4,4
      [9]:
         5,0
      [10]:
         5,5
      [11]:
         6,0
      [12]:
         6,6
      [13]:
         7,0
      [14]:
         7,7
      [15]:
         8,0
      [16]:
         8,8
      [17]:
         9,0
      [18]:
         9,9
      [19]:
         10,0
      [20]:
         10,10
[2]:
   [1]:
      1,1
   [2]:
      1,2
   [3]:
      1,0
   [4]:
      2,3,3,5
   [5]:
      [1]:
         1,0
      [2]:
         1,1
      [3]:
         2,0
      [4]:
         2,2
      [5]:
         3,0
      [6]:
         3,3
      [7]:
         4,0
      [8]:
         4,4
      [9]:
         5,0
      [10]:
         5,5
      [11]:
         6,0
      [12]:
         6,6
      [13]:
         7,0
      [14]:
         7,7
      [15]:
         8,0
      [16]:
         8,8
      [17]:
         9,0
      [18]:
         9,9
      [19]:
         10,0
      [20]:
         10,10
[3]:
   [1]:
      1,2
   [2]:
      1,1
   [3]:
      1,0
   [4]:
      3,2,3,5
   [5]:
      [1]:
         1,0
      [2]:
         1,1
      [3]:
         2,0
      [4]:
         2,2
      [5]:
         3,0
      [6]:
         3,3
      [7]:
         4,0
      [8]:
         4,4
      [9]:
         5,0
      [10]:
         5,5
      [11]:
         6,0
      [12]:
         6,6
      [13]:
         7,0
      [14]:
         7,7
      [15]:
         8,0
      [16]:
         8,8
      [17]:
         9,0
      [18]:
         9,9
      [19]:
         10,0
      [20]:
         10,10
[4]:
   [1]:
      1,2
   [2]:
      1,2
   [3]:
      1,0
   [4]:
      3,3,3,5
   [5]:
      [1]:
         1,0
      [2]:
         1,1
      [3]:
         2,0
      [4]:
         2,2
      [5]:
         3,0
      [6]:
         3,3
      [7]:
         4,0
      [8]:
         4,4
      [9]:
         5,0
      [10]:
         5,5
      [11]:
         6,0
      [12]:
         6,6
      [13]:
         7,0
      [14]:
         7,7
      [15]:
         8,0
      [16]:
         8,8
      [17]:
         9,0
      [18]:
         9,9
      [19]:
         10,0
      [20]:
         10,10
[5]:
   [1]:
      1,2
   [2]:
      1,2
   [3]:
      1,1
   [4]:
      3,3,3,5
   [5]:
      [1]:
         1,0
      [2]:
         2,0
      [3]:
         3,0
      [4]:
         4,0
      [5]:
         5,0
      [6]:
         6,0
      [7]:
         7,0
      [8]:
         8,0
      [9]:
         9,0
      [10]:
         10,0
