> compo0;
[1]:
   [1]:
      1,1
   [2]:
      2,2
   [3]:
      0,0
   [4]:
      3,8,10,11
[2]:
   [1]:
      1,1
   [2]:
      2,3
   [3]:
      0,0
   [4]:
      3,9,10,12
[3]:
   [1]:
      1,1
   [2]:
      3,2
   [3]:
      0,0
   [4]:
      3,9,10,12
[4]:
   [1]:
      1,1
   [2]:
      3,3
   [3]:
      0,0
   [4]:
      3,10,10,13
[5]:
   [1]:
      1,1
   [2]:
      2,3
   [3]:
      0,1
   [4]:
      3,9,10,12
[6]:
   [1]:
      1,1
   [2]:
      3,3
   [3]:
      0,1
   [4]:
      3,10,10,13
[7]:
   [1]:
      1,1
   [2]:
      3,2
   [3]:
      1,0
   [4]:
      3,9,10,12
[8]:
   [1]:
      1,1
   [2]:
      3,3
   [3]:
      1,0
   [4]:
      3,10,10,13
[9]:
   [1]:
      1,1
   [2]:
      3,3
   [3]:
      1,1
   [4]:
      3,10,10,13
[10]:
   [1]:
      1,2
   [2]:
      2,2
   [3]:
      0,0
   [4]:
      5,8,10,13
[11]:
   [1]:
      1,2
   [2]:
      2,3
   [3]:
      0,0
   [4]:
      5,9,10,14
[12]:
   [1]:
      1,2
   [2]:
      3,2
   [3]:
      0,0
   [4]:
      5,9,10,14
[13]:
   [1]:
      1,2
   [2]:
      3,3
   [3]:
      0,0
   [4]:
      5,10,10,15
[14]:
   [1]:
      1,2
   [2]:
      2,2
   [3]:
      0,1
   [4]:
      5,8,10,13
[15]:
   [1]:
      1,2
   [2]:
      2,3
   [3]:
      0,1
   [4]:
      5,9,10,14
[16]:
   [1]:
      1,2
   [2]:
      3,2
   [3]:
      0,1
   [4]:
      5,9,10,14
[17]:
   [1]:
      1,2
   [2]:
      3,3
   [3]:
      0,1
   [4]:
      5,10,10,15
[18]:
   [1]:
      1,2
   [2]:
      2,3
   [3]:
      0,2
   [4]:
      5,9,10,14
[19]:
   [1]:
      1,2
   [2]:
      3,3
   [3]:
      0,2
   [4]:
      5,10,10,15
[20]:
   [1]:
      1,2
   [2]:
      3,2
   [3]:
      1,0
   [4]:
      5,9,10,14
[21]:
   [1]:
      1,2
   [2]:
      3,3
   [3]:
      1,0
   [4]:
      5,10,10,15
[22]:
   [1]:
      1,2
   [2]:
      3,2
   [3]:
      1,1
   [4]:
      5,9,10,14
[23]:
   [1]:
      1,2
   [2]:
      3,3
   [3]:
      1,1
   [4]:
      5,10,10,15
[24]:
   [1]:
      1,2
   [2]:
      3,3
   [3]:
      1,2
   [4]:
      5,10,10,15
[25]:
   [1]:
      1,3
   [2]:
      2,2
   [3]:
      0,0
   [4]:
      6,8,10,14
[26]:
   [1]:
      1,3
   [2]:
      2,3
   [3]:
      0,0
   [4]:
      6,9,10,15
[27]:
   [1]:
      1,3
   [2]:
      3,2
   [3]:
      0,0
   [4]:
      6,9,10,15
[28]:
   [1]:
      1,3
   [2]:
      3,3
   [3]:
      0,0
   [4]:
      6,10,10,15
[29]:
   [1]:
      1,3
   [2]:
      2,2
   [3]:
      0,1
   [4]:
      6,8,10,14
[30]:
   [1]:
      1,3
   [2]:
      2,3
   [3]:
      0,1
   [4]:
      6,9,10,15
[31]:
   [1]:
      1,3
   [2]:
      3,2
   [3]:
      0,1
   [4]:
      6,9,10,15
[32]:
   [1]:
      1,3
   [2]:
      3,3
   [3]:
      0,1
   [4]:
      6,10,10,16
[33]:
   [1]:
      1,3
   [2]:
      2,2
   [3]:
      0,2
   [4]:
      6,8,10,14
[34]:
   [1]:
      1,3
   [2]:
      2,3
   [3]:
      0,2
   [4]:
      6,9,10,15
[35]:
   [1]:
      1,3
   [2]:
      3,2
   [3]:
      0,2
   [4]:
      6,9,10,15
[36]:
   [1]:
      1,3
   [2]:
      3,3
   [3]:
      0,2
   [4]:
      6,10,10,16
[37]:
   [1]:
      1,3
   [2]:
      2,3
   [3]:
      0,3
   [4]:
      6,9,10,15
[38]:
   [1]:
      1,3
   [2]:
      3,3
   [3]:
      0,3
   [4]:
      6,10,10,15
[39]:
   [1]:
      1,3
   [2]:
      3,2
   [3]:
      1,0
   [4]:
      6,9,10,15
[40]:
   [1]:
      1,3
   [2]:
      3,3
   [3]:
      1,0
   [4]:
      6,10,10,15
[41]:
   [1]:
      1,3
   [2]:
      3,2
   [3]:
      1,1
   [4]:
      6,9,10,15
[42]:
   [1]:
      1,3
   [2]:
      3,3
   [3]:
      1,1
   [4]:
      6,10,10,16
[43]:
   [1]:
      1,3
   [2]:
      3,2
   [3]:
      1,2
   [4]:
      6,9,10,15
[44]:
   [1]:
      1,3
   [2]:
      3,3
   [3]:
      1,2
   [4]:
      6,10,10,16
[45]:
   [1]:
      1,3
   [2]:
      3,3
   [3]:
      1,3
   [4]:
      6,10,10,15
[46]:
   [1]:
      2,2
   [2]:
      1,1
   [3]:
      0,0
   [4]:
      8,3,10,11
[47]:
   [1]:
      2,2
   [2]:
      1,2
   [3]:
      0,0
   [4]:
      8,5,10,13
[48]:
   [1]:
      2,2
   [2]:
      1,3
   [3]:
      0,0
   [4]:
      8,6,10,14
[49]:
   [1]:
      2,2
   [2]:
      2,1
   [3]:
      0,0
   [4]:
      8,5,10,13
[50]:
   [1]:
      2,2
   [2]:
      2,2
   [3]:
      0,0
   [4]:
      8,8,10,16
[51]:
   [1]:
      2,2
   [2]:
      2,3
   [3]:
      0,0
   [4]:
      8,9,10,17
[52]:
   [1]:
      2,2
   [2]:
      3,1
   [3]:
      0,0
   [4]:
      8,6,10,14
[53]:
   [1]:
      2,2
   [2]:
      3,2
   [3]:
      0,0
   [4]:
      8,9,10,17
[54]:
   [1]:
      2,2
   [2]:
      3,3
   [3]:
      0,0
   [4]:
      8,10,10,17
[55]:
   [1]:
      2,2
   [2]:
      1,2
   [3]:
      0,1
   [4]:
      8,5,10,13
[56]:
   [1]:
      2,2
   [2]:
      1,3
   [3]:
      0,1
   [4]:
      8,6,10,14
[57]:
   [1]:
      2,2
   [2]:
      2,2
   [3]:
      0,1
   [4]:
      8,8,10,16
[58]:
   [1]:
      2,2
   [2]:
      2,3
   [3]:
      0,1
   [4]:
      8,9,10,17
[59]:
   [1]:
      2,2
   [2]:
      3,2
   [3]:
      0,1
   [4]:
      8,9,10,16
[60]:
   [1]:
      2,2
   [2]:
      3,3
   [3]:
      0,1
   [4]:
      8,10,10,18
[61]:
   [1]:
      2,2
   [2]:
      1,3
   [3]:
      0,2
   [4]:
      8,6,10,14
[62]:
   [1]:
      2,2
   [2]:
      2,3
   [3]:
      0,2
   [4]:
      8,9,10,17
[63]:
   [1]:
      2,2
   [2]:
      3,3
   [3]:
      0,2
   [4]:
      8,10,10,17
[64]:
   [1]:
      2,2
   [2]:
      2,1
   [3]:
      1,0
   [4]:
      8,5,10,13
[65]:
   [1]:
      2,2
   [2]:
      2,2
   [3]:
      1,0
   [4]:
      8,8,10,16
[66]:
   [1]:
      2,2
   [2]:
      2,3
   [3]:
      1,0
   [4]:
      8,9,10,16
[67]:
   [1]:
      2,2
   [2]:
      3,1
   [3]:
      1,0
   [4]:
      8,6,10,14
[68]:
   [1]:
      2,2
   [2]:
      3,2
   [3]:
      1,0
   [4]:
      8,9,10,17
[69]:
   [1]:
      2,2
   [2]:
      3,3
   [3]:
      1,0
   [4]:
      8,10,10,18
[70]:
   [1]:
      2,2
   [2]:
      2,2
   [3]:
      1,1
   [4]:
      8,8,10,15
[71]:
   [1]:
      2,2
   [2]:
      2,3
   [3]:
      1,1
   [4]:
      8,9,10,17
[72]:
   [1]:
      2,2
   [2]:
      3,2
   [3]:
      1,1
   [4]:
      8,9,10,17
[73]:
   [1]:
      2,2
   [2]:
      3,3
   [3]:
      1,1
   [4]:
      8,10,10,18
[74]:
   [1]:
      2,2
   [2]:
      2,3
   [3]:
      1,2
   [4]:
      8,9,10,16
[75]:
   [1]:
      2,2
   [2]:
      3,3
   [3]:
      1,2
   [4]:
      8,10,10,18
[76]:
   [1]:
      2,2
   [2]:
      3,1
   [3]:
      2,0
   [4]:
      8,6,10,14
[77]:
   [1]:
      2,2
   [2]:
      3,2
   [3]:
      2,0
   [4]:
      8,9,10,17
[78]:
   [1]:
      2,2
   [2]:
      3,3
   [3]:
      2,0
   [4]:
      8,10,10,17
[79]:
   [1]:
      2,2
   [2]:
      3,2
   [3]:
      2,1
   [4]:
      8,9,10,16
[80]:
   [1]:
      2,2
   [2]:
      3,3
   [3]:
      2,1
   [4]:
      8,10,10,18
[81]:
   [1]:
      2,2
   [2]:
      3,3
   [3]:
      2,2
   [4]:
      8,10,10,17
[82]:
   [1]:
      2,3
   [2]:
      1,1
   [3]:
      0,0
   [4]:
      9,3,10,12
[83]:
   [1]:
      2,3
   [2]:
      1,2
   [3]:
      0,0
   [4]:
      9,5,10,14
[84]:
   [1]:
      2,3
   [2]:
      1,3
   [3]:
      0,0
   [4]:
      9,6,10,15
[85]:
   [1]:
      2,3
   [2]:
      2,1
   [3]:
      0,0
   [4]:
      9,5,10,14
[86]:
   [1]:
      2,3
   [2]:
      2,2
   [3]:
      0,0
   [4]:
      9,8,10,17
[87]:
   [1]:
      2,3
   [2]:
      2,3
   [3]:
      0,0
   [4]:
      9,9,10,17
[88]:
   [1]:
      2,3
   [2]:
      3,1
   [3]:
      0,0
   [4]:
      9,6,10,15
[89]:
   [1]:
      2,3
   [2]:
      3,2
   [3]:
      0,0
   [4]:
      9,9,10,17
[90]:
   [1]:
      2,3
   [2]:
      3,3
   [3]:
      0,0
   [4]:
      9,10,10,15
[91]:
   [1]:
      2,3
   [2]:
      1,1
   [3]:
      0,1
   [4]:
      9,3,10,12
[92]:
   [1]:
      2,3
   [2]:
      1,2
   [3]:
      0,1
   [4]:
      9,5,10,14
[93]:
   [1]:
      2,3
   [2]:
      1,3
   [3]:
      0,1
   [4]:
      9,6,10,15
[94]:
   [1]:
      2,3
   [2]:
      2,1
   [3]:
      0,1
   [4]:
      9,5,10,14
[95]:
   [1]:
      2,3
   [2]:
      2,2
   [3]:
      0,1
   [4]:
      9,8,10,17
[96]:
   [1]:
      2,3
   [2]:
      2,3
   [3]:
      0,1
   [4]:
      9,9,10,18
[97]:
   [1]:
      2,3
   [2]:
      3,1
   [3]:
      0,1
   [4]:
      9,6,10,15
[98]:
   [1]:
      2,3
   [2]:
      3,2
   [3]:
      0,1
   [4]:
      9,9,10,18
[99]:
   [1]:
      2,3
   [2]:
      3,3
   [3]:
      0,1
   [4]:
      9,10,10,19
[100]:
   [1]:
      2,3
   [2]:
      1,2
   [3]:
      0,2
   [4]:
      9,5,10,14
[101]:
   [1]:
      2,3
   [2]:
      1,3
   [3]:
      0,2
   [4]:
      9,6,10,15
[102]:
   [1]:
      2,3
   [2]:
      2,2
   [3]:
      0,2
   [4]:
      9,8,10,17
[103]:
   [1]:
      2,3
   [2]:
      2,3
   [3]:
      0,2
   [4]:
      9,9,10,18
[104]:
   [1]:
      2,3
   [2]:
      3,2
   [3]:
      0,2
   [4]:
      9,9,10,17
[105]:
   [1]:
      2,3
   [2]:
      3,3
   [3]:
      0,2
   [4]:
      9,10,10,19
[106]:
   [1]:
      2,3
   [2]:
      1,3
   [3]:
      0,3
   [4]:
      9,6,10,15
[107]:
   [1]:
      2,3
   [2]:
      2,3
   [3]:
      0,3
   [4]:
      9,9,10,17
[108]:
   [1]:
      2,3
   [2]:
      3,3
   [3]:
      0,3
   [4]:
      9,10,10,15
[109]:
   [1]:
      2,3
   [2]:
      2,1
   [3]:
      1,0
   [4]:
      9,5,10,14
[110]:
   [1]:
      2,3
   [2]:
      2,2
   [3]:
      1,0
   [4]:
      9,8,10,16
[111]:
   [1]:
      2,3
   [2]:
      2,3
   [3]:
      1,0
   [4]:
      9,9,10,15
[112]:
   [1]:
      2,3
   [2]:
      3,1
   [3]:
      1,0
   [4]:
      9,6,10,15
[113]:
   [1]:
      2,3
   [2]:
      3,2
   [3]:
      1,0
   [4]:
      9,9,10,18
[114]:
   [1]:
      2,3
   [2]:
      3,3
   [3]:
      1,0
   [4]:
      9,10,10,17
[115]:
   [1]:
      2,3
   [2]:
      2,1
   [3]:
      1,1
   [4]:
      9,5,10,14
[116]:
   [1]:
      2,3
   [2]:
      2,2
   [3]:
      1,1
   [4]:
      9,8,10,17
[117]:
   [1]:
      2,3
   [2]:
      2,3
   [3]:
      1,1
   [4]:
      9,9,10,18
[118]:
   [1]:
      2,3
   [2]:
      3,1
   [3]:
      1,1
   [4]:
      9,6,10,15
[119]:
   [1]:
      2,3
   [2]:
      3,2
   [3]:
      1,1
   [4]:
      9,9,10,18
[120]:
   [1]:
      2,3
   [2]:
      3,3
   [3]:
      1,1
   [4]:
      9,10,10,19
[121]:
   [1]:
      2,3
   [2]:
      2,2
   [3]:
      1,2
   [4]:
      9,8,10,16
[122]:
   [1]:
      2,3
   [2]:
      2,3
   [3]:
      1,2
   [4]:
      9,9,10,18
[123]:
   [1]:
      2,3
   [2]:
      3,2
   [3]:
      1,2
   [4]:
      9,9,10,18
[124]:
   [1]:
      2,3
   [2]:
      3,3
   [3]:
      1,2
   [4]:
      9,10,10,19
[125]:
   [1]:
      2,3
   [2]:
      2,3
   [3]:
      1,3
   [4]:
      9,9,10,15
[126]:
   [1]:
      2,3
   [2]:
      3,3
   [3]:
      1,3
   [4]:
      9,10,10,17
[127]:
   [1]:
      2,3
   [2]:
      3,1
   [3]:
      2,0
   [4]:
      9,6,10,15
[128]:
   [1]:
      2,3
   [2]:
      3,2
   [3]:
      2,0
   [4]:
      9,9,10,17
[129]:
   [1]:
      2,3
   [2]:
      3,3
   [3]:
      2,0
   [4]:
      9,10,10,15
[130]:
   [1]:
      2,3
   [2]:
      3,1
   [3]:
      2,1
   [4]:
      9,6,10,15
[131]:
   [1]:
      2,3
   [2]:
      3,2
   [3]:
      2,1
   [4]:
      9,9,10,18
[132]:
   [1]:
      2,3
   [2]:
      3,3
   [3]:
      2,1
   [4]:
      9,10,10,19
[133]:
   [1]:
      2,3
   [2]:
      3,2
   [3]:
      2,2
   [4]:
      9,9,10,17
[134]:
   [1]:
      2,3
   [2]:
      3,3
   [3]:
      2,2
   [4]:
      9,10,10,19
[135]:
   [1]:
      2,3
   [2]:
      3,3
   [3]:
      2,3
   [4]:
      9,10,10,15
[136]:
   [1]:
      3,3
   [2]:
      1,1
   [3]:
      0,0
   [4]:
      10,3,10,13
[137]:
   [1]:
      3,3
   [2]:
      1,2
   [3]:
      0,0
   [4]:
      10,5,10,15
[138]:
   [1]:
      3,3
   [2]:
      1,3
   [3]:
      0,0
   [4]:
      10,6,10,15
[139]:
   [1]:
      3,3
   [2]:
      2,1
   [3]:
      0,0
   [4]:
      10,5,10,15
[140]:
   [1]:
      3,3
   [2]:
      2,2
   [3]:
      0,0
   [4]:
      10,8,10,17
[141]:
   [1]:
      3,3
   [2]:
      2,3
   [3]:
      0,0
   [4]:
      10,9,10,15
[142]:
   [1]:
      3,3
   [2]:
      3,1
   [3]:
      0,0
   [4]:
      10,6,10,15
[143]:
   [1]:
      3,3
   [2]:
      3,2
   [3]:
      0,0
   [4]:
      10,9,10,15
[144]:
   [1]:
      3,3
   [2]:
      1,1
   [3]:
      0,1
   [4]:
      10,3,10,13
[145]:
   [1]:
      3,3
   [2]:
      1,2
   [3]:
      0,1
   [4]:
      10,5,10,15
[146]:
   [1]:
      3,3
   [2]:
      1,3
   [3]:
      0,1
   [4]:
      10,6,10,16
[147]:
   [1]:
      3,3
   [2]:
      2,1
   [3]:
      0,1
   [4]:
      10,5,10,15
[148]:
   [1]:
      3,3
   [2]:
      2,2
   [3]:
      0,1
   [4]:
      10,8,10,18
[149]:
   [1]:
      3,3
   [2]:
      2,3
   [3]:
      0,1
   [4]:
      10,9,10,19
[150]:
   [1]:
      3,3
   [2]:
      3,1
   [3]:
      0,1
   [4]:
      10,6,10,15
[151]:
   [1]:
      3,3
   [2]:
      3,2
   [3]:
      0,1
   [4]:
      10,9,10,17
[152]:
   [1]:
      3,3
   [2]:
      3,3
   [3]:
      0,1
   [4]:
      10,10,10,17
[153]:
   [1]:
      3,3
   [2]:
      1,2
   [3]:
      0,2
   [4]:
      10,5,10,15
[154]:
   [1]:
      3,3
   [2]:
      1,3
   [3]:
      0,2
   [4]:
      10,6,10,16
[155]:
   [1]:
      3,3
   [2]:
      2,2
   [3]:
      0,2
   [4]:
      10,8,10,17
[156]:
   [1]:
      3,3
   [2]:
      2,3
   [3]:
      0,2
   [4]:
      10,9,10,19
[157]:
   [1]:
      3,3
   [2]:
      3,2
   [3]:
      0,2
   [4]:
      10,9,10,15
[158]:
   [1]:
      3,3
   [2]:
      3,3
   [3]:
      0,2
   [4]:
      10,10,10,17
[159]:
   [1]:
      3,3
   [2]:
      1,3
   [3]:
      0,3
   [4]:
      10,6,10,15
[160]:
   [1]:
      3,3
   [2]:
      2,3
   [3]:
      0,3
   [4]:
      10,9,10,15
[161]:
   [1]:
      3,3
   [2]:
      1,1
   [3]:
      1,0
   [4]:
      10,3,10,13
[162]:
   [1]:
      3,3
   [2]:
      1,2
   [3]:
      1,0
   [4]:
      10,5,10,15
[163]:
   [1]:
      3,3
   [2]:
      1,3
   [3]:
      1,0
   [4]:
      10,6,10,15
[164]:
   [1]:
      3,3
   [2]:
      2,1
   [3]:
      1,0
   [4]:
      10,5,10,15
[165]:
   [1]:
      3,3
   [2]:
      2,2
   [3]:
      1,0
   [4]:
      10,8,10,18
[166]:
   [1]:
      3,3
   [2]:
      2,3
   [3]:
      1,0
   [4]:
      10,9,10,17
[167]:
   [1]:
      3,3
   [2]:
      3,1
   [3]:
      1,0
   [4]:
      10,6,10,16
[168]:
   [1]:
      3,3
   [2]:
      3,2
   [3]:
      1,0
   [4]:
      10,9,10,19
[169]:
   [1]:
      3,3
   [2]:
      3,3
   [3]:
      1,0
   [4]:
      10,10,10,17
[170]:
   [1]:
      3,3
   [2]:
      1,1
   [3]:
      1,1
   [4]:
      10,3,10,13
[171]:
   [1]:
      3,3
   [2]:
      1,2
   [3]:
      1,1
   [4]:
      10,5,10,15
[172]:
   [1]:
      3,3
   [2]:
      1,3
   [3]:
      1,1
   [4]:
      10,6,10,16
[173]:
   [1]:
      3,3
   [2]:
      2,1
   [3]:
      1,1
   [4]:
      10,5,10,15
[174]:
   [1]:
      3,3
   [2]:
      2,2
   [3]:
      1,1
   [4]:
      10,8,10,18
[175]:
   [1]:
      3,3
   [2]:
      2,3
   [3]:
      1,1
   [4]:
      10,9,10,19
[176]:
   [1]:
      3,3
   [2]:
      3,1
   [3]:
      1,1
   [4]:
      10,6,10,16
[177]:
   [1]:
      3,3
   [2]:
      3,2
   [3]:
      1,1
   [4]:
      10,9,10,19
[178]:
   [1]:
      3,3
   [2]:
      3,3
   [3]:
      1,1
   [4]:
      10,10,10,20
[179]:
   [1]:
      3,3
   [2]:
      1,2
   [3]:
      1,2
   [4]:
      10,5,10,15
[180]:
   [1]:
      3,3
   [2]:
      1,3
   [3]:
      1,2
   [4]:
      10,6,10,16
[181]:
   [1]:
      3,3
   [2]:
      2,2
   [3]:
      1,2
   [4]:
      10,8,10,18
[182]:
   [1]:
      3,3
   [2]:
      2,3
   [3]:
      1,2
   [4]:
      10,9,10,19
[183]:
   [1]:
      3,3
   [2]:
      3,2
   [3]:
      1,2
   [4]:
      10,9,10,19
[184]:
   [1]:
      3,3
   [2]:
      3,3
   [3]:
      1,2
   [4]:
      10,10,10,20
[185]:
   [1]:
      3,3
   [2]:
      1,3
   [3]:
      1,3
   [4]:
      10,6,10,15
[186]:
   [1]:
      3,3
   [2]:
      2,3
   [3]:
      1,3
   [4]:
      10,9,10,17
[187]:
   [1]:
      3,3
   [2]:
      3,3
   [3]:
      1,3
   [4]:
      10,10,10,17
[188]:
   [1]:
      3,3
   [2]:
      2,1
   [3]:
      2,0
   [4]:
      10,5,10,15
[189]:
   [1]:
      3,3
   [2]:
      2,2
   [3]:
      2,0
   [4]:
      10,8,10,17
[190]:
   [1]:
      3,3
   [2]:
      2,3
   [3]:
      2,0
   [4]:
      10,9,10,15
[191]:
   [1]:
      3,3
   [2]:
      3,1
   [3]:
      2,0
   [4]:
      10,6,10,16
[192]:
   [1]:
      3,3
   [2]:
      3,2
   [3]:
      2,0
   [4]:
      10,9,10,19
[193]:
   [1]:
      3,3
   [2]:
      3,3
   [3]:
      2,0
   [4]:
      10,10,10,17
[194]:
   [1]:
      3,3
   [2]:
      2,1
   [3]:
      2,1
   [4]:
      10,5,10,15
[195]:
   [1]:
      3,3
   [2]:
      2,2
   [3]:
      2,1
   [4]:
      10,8,10,18
[196]:
   [1]:
      3,3
   [2]:
      2,3
   [3]:
      2,1
   [4]:
      10,9,10,19
[197]:
   [1]:
      3,3
   [2]:
      3,1
   [3]:
      2,1
   [4]:
      10,6,10,16
[198]:
   [1]:
      3,3
   [2]:
      3,2
   [3]:
      2,1
   [4]:
      10,9,10,19
[199]:
   [1]:
      3,3
   [2]:
      3,3
   [3]:
      2,1
   [4]:
      10,10,10,20
[200]:
   [1]:
      3,3
   [2]:
      2,2
   [3]:
      2,2
   [4]:
      10,8,10,17
[201]:
   [1]:
      3,3
   [2]:
      2,3
   [3]:
      2,2
   [4]:
      10,9,10,19
[202]:
   [1]:
      3,3
   [2]:
      3,2
   [3]:
      2,2
   [4]:
      10,9,10,19
[203]:
   [1]:
      3,3
   [2]:
      3,3
   [3]:
      2,2
   [4]:
      10,10,10,20
[204]:
   [1]:
      3,3
   [2]:
      2,3
   [3]:
      2,3
   [4]:
      10,9,10,15
[205]:
   [1]:
      3,3
   [2]:
      3,3
   [3]:
      2,3
   [4]:
      10,10,10,17
[206]:
   [1]:
      3,3
   [2]:
      3,1
   [3]:
      3,0
   [4]:
      10,6,10,15
[207]:
   [1]:
      3,3
   [2]:
      3,2
   [3]:
      3,0
   [4]:
      10,9,10,15
[208]:
   [1]:
      3,3
   [2]:
      3,1
   [3]:
      3,1
   [4]:
      10,6,10,15
[209]:
   [1]:
      3,3
   [2]:
      3,2
   [3]:
      3,1
   [4]:
      10,9,10,17
[210]:
   [1]:
      3,3
   [2]:
      3,3
   [3]:
      3,1
   [4]:
      10,10,10,17
[211]:
   [1]:
      3,3
   [2]:
      3,2
   [3]:
      3,2
   [4]:
      10,9,10,15
[212]:
   [1]:
      3,3
   [2]:
      3,3
   [3]:
      3,2
   [4]:
      10,10,10,17
