  
 > compo3;
[1]:
   [1]:
      1,1
   [2]:
      3,2
   [3]:
      0,1
   [4]:
      4,15,16,19
   [5]:
      [1]:
         1,0
      [2]:
         1,1
      [3]:
         2,0
      [4]:
         2,2
      [5]:
         3,0
      [6]:
         3,3
      [7]:
         4,0
      [8]:
         4,4
      [9]:
         5,0
      [10]:
         5,5
      [11]:
         6,0
      [12]:
         6,6
      [13]:
         7,0
      [14]:
         7,7
      [15]:
         8,0
      [16]:
         8,8
      [17]:
         9,0
      [18]:
         9,9
      [19]:
         10,0
      [20]:
         10,10
[2]:
   [1]:
      1,1
   [2]:
      3,3
   [3]:
      0,1
   [4]:
      4,18,19,22
   [5]:
      [1]:
         1,0
      [2]:
         1,1
      [3]:
         2,0
      [4]:
         2,2
      [5]:
         3,0
      [6]:
         3,3
      [7]:
         4,0
      [8]:
         4,4
      [9]:
         5,0
      [10]:
         5,5
      [11]:
         6,0
      [12]:
         6,6
      [13]:
         7,0
      [14]:
         7,7
      [15]:
         8,0
      [16]:
         8,8
      [17]:
         9,0
      [18]:
         9,9
      [19]:
         10,0
      [20]:
         10,10
[3]:
   [1]:
      1,1
   [2]:
      2,3
   [3]:
      1,0
   [4]:
      4,15,16,19
   [5]:
      [1]:
         1,0
      [2]:
         1,1
      [3]:
         2,0
      [4]:
         2,2
      [5]:
         3,0
      [6]:
         3,3
      [7]:
         4,0
      [8]:
         4,4
      [9]:
         5,0
      [10]:
         5,5
      [11]:
         6,0
      [12]:
         6,6
      [13]:
         7,0
      [14]:
         7,7
      [15]:
         8,0
      [16]:
         8,8
      [17]:
         9,0
      [18]:
         9,9
      [19]:
         10,0
      [20]:
         10,10
[4]:
   [1]:
      1,1
   [2]:
      3,3
   [3]:
      1,0
   [4]:
      4,18,19,22
   [5]:
      [1]:
         1,0
      [2]:
         1,1
      [3]:
         2,0
      [4]:
         2,2
      [5]:
         3,0
      [6]:
         3,3
      [7]:
         4,0
      [8]:
         4,4
      [9]:
         5,0
      [10]:
         5,5
      [11]:
         6,0
      [12]:
         6,6
      [13]:
         7,0
      [14]:
         7,7
      [15]:
         8,0
      [16]:
         8,8
      [17]:
         9,0
      [18]:
         9,9
      [19]:
         10,0
      [20]:
         10,10
[5]:
   [1]:
      1,2
   [2]:
      3,2
   [3]:
      0,0
   [4]:
      7,15,19,22
   [5]:
      [1]:
         1,-1
      [2]:
         1,0
      [3]:
         2,-2
      [4]:
         2,0
      [5]:
         3,-3
      [6]:
         3,0
      [7]:
         4,-4
      [8]:
         4,0
      [9]:
         5,-5
      [10]:
         5,0
      [11]:
         6,-6
      [12]:
         6,0
      [13]:
         7,-7
      [14]:
         7,0
      [15]:
         8,-8
      [16]:
         8,0
      [17]:
         9,-9
      [18]:
         9,0
      [19]:
         10,-10
      [20]:
         10,0
[6]:
   [1]:
      1,2
   [2]:
      3,1
   [3]:
      0,1
   [4]:
      7,9,13,16
   [5]:
      [1]:
         1,0
      [2]:
         1,1
      [3]:
         2,0
      [4]:
         2,2
      [5]:
         3,0
      [6]:
         3,3
      [7]:
         4,0
      [8]:
         4,4
      [9]:
         5,0
      [10]:
         5,5
      [11]:
         6,0
      [12]:
         6,6
      [13]:
         7,0
      [14]:
         7,7
      [15]:
         8,0
      [16]:
         8,8
      [17]:
         9,0
      [18]:
         9,9
      [19]:
         10,0
      [20]:
         10,10
[7]:
   [1]:
      1,2
   [2]:
      3,2
   [3]:
      0,1
   [4]:
      7,15,18,22
   [5]:
      [1]:
         1,0
      [2]:
         2,0
      [3]:
         3,0
      [4]:
         4,0
      [5]:
         5,0
      [6]:
         6,0
      [7]:
         7,0
      [8]:
         8,0
      [9]:
         9,0
      [10]:
         10,0
[8]:
   [1]:
      1,2
   [2]:
      3,3
   [3]:
      0,2
   [4]:
      7,18,19,25
   [5]:
      [1]:
         1,0
      [2]:
         1,1
      [3]:
         2,0
      [4]:
         2,2
      [5]:
         3,0
      [6]:
         3,3
      [7]:
         4,0
      [8]:
         4,4
      [9]:
         5,0
      [10]:
         5,5
      [11]:
         6,0
      [12]:
         6,6
      [13]:
         7,0
      [14]:
         7,7
      [15]:
         8,0
      [16]:
         8,8
      [17]:
         9,0
      [18]:
         9,9
      [19]:
         10,0
      [20]:
         10,10
[9]:
   [1]:
      1,2
   [2]:
      2,2
   [3]:
      1,0
   [4]:
      7,12,15,19
   [5]:
      [1]:
         1,0
      [2]:
         1,1
      [3]:
         2,0
      [4]:
         2,2
      [5]:
         3,0
      [6]:
         3,3
      [7]:
         4,0
      [8]:
         4,4
      [9]:
         5,0
      [10]:
         5,5
      [11]:
         6,0
      [12]:
         6,6
      [13]:
         7,0
      [14]:
         7,7
      [15]:
         8,0
      [16]:
         8,8
      [17]:
         9,0
      [18]:
         9,9
      [19]:
         10,0
      [20]:
         10,10
[10]:
   [1]:
      1,2
   [2]:
      3,2
   [3]:
      1,0
   [4]:
      7,15,18,22
   [5]:
      [1]:
         1,0
      [2]:
         1,1
      [3]:
         2,0
      [4]:
         2,2
      [5]:
         3,0
      [6]:
         3,3
      [7]:
         4,0
      [8]:
         4,4
      [9]:
         5,0
      [10]:
         5,5
      [11]:
         6,0
      [12]:
         6,6
      [13]:
         7,0
      [14]:
         7,7
      [15]:
         8,0
      [16]:
         8,8
      [17]:
         9,0
      [18]:
         9,9
      [19]:
         10,0
      [20]:
         10,10
[11]:
   [1]:
      1,3
   [2]:
      3,1
   [3]:
      0,0
   [4]:
      9,9,16,18
   [5]:
      [1]:
         1,-1
      [2]:
         1,0
      [3]:
         2,-2
      [4]:
         2,0
      [5]:
         3,-3
      [6]:
         3,0
      [7]:
         4,-4
      [8]:
         4,0
      [9]:
         5,-5
      [10]:
         5,0
      [11]:
         6,-6
      [12]:
         6,0
      [13]:
         7,-7
      [14]:
         7,0
      [15]:
         8,-8
      [16]:
         8,0
      [17]:
         9,-9
      [18]:
         9,0
      [19]:
         10,-10
      [20]:
         10,0
[12]:
   [1]:
      1,3
   [2]:
      3,2
   [3]:
      0,0
   [4]:
      9,15,19,24
   [5]:
      [1]:
         1,-1
      [2]:
         1,0
      [3]:
         2,-2
      [4]:
         2,0
      [5]:
         3,-3
      [6]:
         3,0
      [7]:
         4,-4
      [8]:
         4,0
      [9]:
         5,-5
      [10]:
         5,0
      [11]:
         6,-6
      [12]:
         6,0
      [13]:
         7,-7
      [14]:
         7,0
      [15]:
         8,-8
      [16]:
         8,0
      [17]:
         9,-9
      [18]:
         9,0
      [19]:
         10,-10
      [20]:
         10,0
[13]:
   [1]:
      1,3
   [2]:
      3,1
   [3]:
      0,1
   [4]:
      9,9,15,18
   [5]:
      [1]:
         1,0
      [2]:
         1,1
      [3]:
         2,0
      [4]:
         2,2
      [5]:
         3,0
      [6]:
         3,3
      [7]:
         4,0
      [8]:
         4,4
      [9]:
         5,0
      [10]:
         5,5
      [11]:
         6,0
      [12]:
         6,6
      [13]:
         7,0
      [14]:
         7,7
      [15]:
         8,0
      [16]:
         8,8
      [17]:
         9,0
      [18]:
         9,9
      [19]:
         10,0
      [20]:
         10,10
[14]:
   [1]:
      1,3
   [2]:
      3,2
   [3]:
      0,1
   [4]:
      9,15,19,24
   [5]:
      [1]:
         1,0
      [2]:
         2,0
      [3]:
         3,0
      [4]:
         4,0
      [5]:
         5,0
      [6]:
         6,0
      [7]:
         7,0
      [8]:
         8,0
      [9]:
         9,0
      [10]:
         10,0
[15]:
   [1]:
      1,3
   [2]:
      3,2
   [3]:
      0,2
   [4]:
      9,15,18,24
   [5]:
      [1]:
         1,0
      [2]:
         1,1
      [3]:
         2,0
      [4]:
         2,2
      [5]:
         3,0
      [6]:
         3,3
      [7]:
         4,0
      [8]:
         4,4
      [9]:
         5,0
      [10]:
         5,5
      [11]:
         6,0
      [12]:
         6,6
      [13]:
         7,0
      [14]:
         7,7
      [15]:
         8,0
      [16]:
         8,8
      [17]:
         9,0
      [18]:
         9,9
      [19]:
         10,0
      [20]:
         10,10
[16]:
   [1]:
      1,3
   [2]:
      2,1
   [3]:
      1,0
   [4]:
      9,7,13,16
   [5]:
      [1]:
         1,0
      [2]:
         1,1
      [3]:
         2,0
      [4]:
         2,2
      [5]:
         3,0
      [6]:
         3,3
      [7]:
         4,0
      [8]:
         4,4
      [9]:
         5,0
      [10]:
         5,5
      [11]:
         6,0
      [12]:
         6,6
      [13]:
         7,0
      [14]:
         7,7
      [15]:
         8,0
      [16]:
         8,8
      [17]:
         9,0
      [18]:
         9,9
      [19]:
         10,0
      [20]:
         10,10
[17]:
   [1]:
      1,3
   [2]:
      3,1
   [3]:
      1,0
   [4]:
      9,9,15,18
   [5]:
      [1]:
         1,0
      [2]:
         1,1
      [3]:
         2,0
      [4]:
         2,2
      [5]:
         3,0
      [6]:
         3,3
      [7]:
         4,0
      [8]:
         4,4
      [9]:
         5,0
      [10]:
         5,5
      [11]:
         6,0
      [12]:
         6,6
      [13]:
         7,0
      [14]:
         7,7
      [15]:
         8,0
      [16]:
         8,8
      [17]:
         9,0
      [18]:
         9,9
      [19]:
         10,0
      [20]:
         10,10
[18]:
   [1]:
      2,2
   [2]:
      2,1
   [3]:
      0,1
   [4]:
      12,7,15,19
   [5]:
      [1]:
         1,0
      [2]:
         1,1
      [3]:
         2,0
      [4]:
         2,2
      [5]:
         3,0
      [6]:
         3,3
      [7]:
         4,0
      [8]:
         4,4
      [9]:
         5,0
      [10]:
         5,5
      [11]:
         6,0
      [12]:
         6,6
      [13]:
         7,0
      [14]:
         7,7
      [15]:
         8,0
      [16]:
         8,8
      [17]:
         9,0
      [18]:
         9,9
      [19]:
         10,0
      [20]:
         10,10
[19]:
   [1]:
      2,2
   [2]:
      2,2
   [3]:
      0,1
   [4]:
      12,12,19,24
   [5]:
      [1]:
         1,0
      [2]:
         2,0
      [3]:
         3,0
      [4]:
         4,0
      [5]:
         5,0
      [6]:
         6,0
      [7]:
         7,0
      [8]:
         8,0
      [9]:
         9,0
      [10]:
         10,0
[20]:
   [1]:
      2,2
   [2]:
      2,3
   [3]:
      0,2
   [4]:
      12,15,19,27
   [5]:
      [1]:
         1,0
      [2]:
         1,1
      [3]:
         2,0
      [4]:
         2,2
      [5]:
         3,0
      [6]:
         3,3
      [7]:
         4,0
      [8]:
         4,4
      [9]:
         5,0
      [10]:
         5,5
      [11]:
         6,0
      [12]:
         6,6
      [13]:
         7,0
      [14]:
         7,7
      [15]:
         8,0
      [16]:
         8,8
      [17]:
         9,0
      [18]:
         9,9
      [19]:
         10,0
      [20]:
         10,10
[21]:
   [1]:
      2,2
   [2]:
      1,2
   [3]:
      1,0
   [4]:
      12,7,15,19
   [5]:
      [1]:
         1,0
      [2]:
         1,1
      [3]:
         2,0
      [4]:
         2,2
      [5]:
         3,0
      [6]:
         3,3
      [7]:
         4,0
      [8]:
         4,4
      [9]:
         5,0
      [10]:
         5,5
      [11]:
         6,0
      [12]:
         6,6
      [13]:
         7,0
      [14]:
         7,7
      [15]:
         8,0
      [16]:
         8,8
      [17]:
         9,0
      [18]:
         9,9
      [19]:
         10,0
      [20]:
         10,10
[22]:
   [1]:
      2,2
   [2]:
      2,2
   [3]:
      1,0
   [4]:
      12,12,19,24
   [5]:
      [1]:
         1,0
      [2]:
         2,0
      [3]:
         3,0
      [4]:
         4,0
      [5]:
         5,0
      [6]:
         6,0
      [7]:
         7,0
      [8]:
         8,0
      [9]:
         9,0
      [10]:
         10,0
[23]:
   [1]:
      2,2
   [2]:
      3,2
   [3]:
      2,0
   [4]:
      12,15,19,27
   [5]:
      [1]:
         1,0
      [2]:
         1,1
      [3]:
         2,0
      [4]:
         2,2
      [5]:
         3,0
      [6]:
         3,3
      [7]:
         4,0
      [8]:
         4,4
      [9]:
         5,0
      [10]:
         5,5
      [11]:
         6,0
      [12]:
         6,6
      [13]:
         7,0
      [14]:
         7,7
      [15]:
         8,0
      [16]:
         8,8
      [17]:
         9,0
      [18]:
         9,9
      [19]:
         10,0
      [20]:
         10,10
[24]:
   [1]:
      2,3
   [2]:
      2,1
   [3]:
      0,0
   [4]:
      15,7,19,22
   [5]:
      [1]:
         1,-1
      [2]:
         1,0
      [3]:
         2,-2
      [4]:
         2,0
      [5]:
         3,-3
      [6]:
         3,0
      [7]:
         4,-4
      [8]:
         4,0
      [9]:
         5,-5
      [10]:
         5,0
      [11]:
         6,-6
      [12]:
         6,0
      [13]:
         7,-7
      [14]:
         7,0
      [15]:
         8,-8
      [16]:
         8,0
      [17]:
         9,-9
      [18]:
         9,0
      [19]:
         10,-10
      [20]:
         10,0
[25]:
   [1]:
      2,3
   [2]:
      3,1
   [3]:
      0,0
   [4]:
      15,9,19,24
   [5]:
      [1]:
         1,-1
      [2]:
         1,0
      [3]:
         2,-2
      [4]:
         2,0
      [5]:
         3,-3
      [6]:
         3,0
      [7]:
         4,-4
      [8]:
         4,0
      [9]:
         5,-5
      [10]:
         5,0
      [11]:
         6,-6
      [12]:
         6,0
      [13]:
         7,-7
      [14]:
         7,0
      [15]:
         8,-8
      [16]:
         8,0
      [17]:
         9,-9
      [18]:
         9,0
      [19]:
         10,-10
      [20]:
         10,0
[26]:
   [1]:
      2,3
   [2]:
      2,1
   [3]:
      0,1
   [4]:
      15,7,18,22
   [5]:
      [1]:
         1,0
      [2]:
         1,1
      [3]:
         2,0
      [4]:
         2,2
      [5]:
         3,0
      [6]:
         3,3
      [7]:
         4,0
      [8]:
         4,4
      [9]:
         5,0
      [10]:
         5,5
      [11]:
         6,0
      [12]:
         6,6
      [13]:
         7,0
      [14]:
         7,7
      [15]:
         8,0
      [16]:
         8,8
      [17]:
         9,0
      [18]:
         9,9
      [19]:
         10,0
      [20]:
         10,10
[27]:
   [1]:
      2,3
   [2]:
      2,2
   [3]:
      0,2
   [4]:
      15,12,19,27
   [5]:
      [1]:
         1,0
      [2]:
         1,1
      [3]:
         2,0
      [4]:
         2,2
      [5]:
         3,0
      [6]:
         3,3
      [7]:
         4,0
      [8]:
         4,4
      [9]:
         5,0
      [10]:
         5,5
      [11]:
         6,0
      [12]:
         6,6
      [13]:
         7,0
      [14]:
         7,7
      [15]:
         8,0
      [16]:
         8,8
      [17]:
         9,0
      [18]:
         9,9
      [19]:
         10,0
      [20]:
         10,10
[28]:
   [1]:
      2,3
   [2]:
      1,1
   [3]:
      1,0
   [4]:
      15,4,16,19
   [5]:
      [1]:
         1,0
      [2]:
         1,1
      [3]:
         2,0
      [4]:
         2,2
      [5]:
         3,0
      [6]:
         3,3
      [7]:
         4,0
      [8]:
         4,4
      [9]:
         5,0
      [10]:
         5,5
      [11]:
         6,0
      [12]:
         6,6
      [13]:
         7,0
      [14]:
         7,7
      [15]:
         8,0
      [16]:
         8,8
      [17]:
         9,0
      [18]:
         9,9
      [19]:
         10,0
      [20]:
         10,10
[29]:
   [1]:
      2,3
   [2]:
      2,1
   [3]:
      1,0
   [4]:
      15,7,18,22
   [5]:
      [1]:
         1,0
      [2]:
         2,0
      [3]:
         3,0
      [4]:
         4,0
      [5]:
         5,0
      [6]:
         6,0
      [7]:
         7,0
      [8]:
         8,0
      [9]:
         9,0
      [10]:
         10,0
[30]:
   [1]:
      2,3
   [2]:
      3,1
   [3]:
      1,0
   [4]:
      15,9,19,24
   [5]:
      [1]:
         1,0
      [2]:
         2,0
      [3]:
         3,0
      [4]:
         4,0
      [5]:
         5,0
      [6]:
         6,0
      [7]:
         7,0
      [8]:
         8,0
      [9]:
         9,0
      [10]:
         10,0
[31]:
   [1]:
      2,3
   [2]:
      3,1
   [3]:
      2,0
   [4]:
      15,9,18,24
   [5]:
      [1]:
         1,0
      [2]:
         1,1
      [3]:
         2,0
      [4]:
         2,2
      [5]:
         3,0
      [6]:
         3,3
      [7]:
         4,0
      [8]:
         4,4
      [9]:
         5,0
      [10]:
         5,5
      [11]:
         6,0
      [12]:
         6,6
      [13]:
         7,0
      [14]:
         7,7
      [15]:
         8,0
      [16]:
         8,8
      [17]:
         9,0
      [18]:
         9,9
      [19]:
         10,0
      [20]:
         10,10
[32]:
   [1]:
      3,3
   [2]:
      1,1
   [3]:
      0,1
   [4]:
      18,4,19,22
   [5]:
      [1]:
         1,0
      [2]:
         1,1
      [3]:
         2,0
      [4]:
         2,2
      [5]:
         3,0
      [6]:
         3,3
      [7]:
         4,0
      [8]:
         4,4
      [9]:
         5,0
      [10]:
         5,5
      [11]:
         6,0
      [12]:
         6,6
      [13]:
         7,0
      [14]:
         7,7
      [15]:
         8,0
      [16]:
         8,8
      [17]:
         9,0
      [18]:
         9,9
      [19]:
         10,0
      [20]:
         10,10
[33]:
   [1]:
      3,3
   [2]:
      1,2
   [3]:
      0,2
   [4]:
      18,7,19,25
   [5]:
      [1]:
         1,0
      [2]:
         1,1
      [3]:
         2,0
      [4]:
         2,2
      [5]:
         3,0
      [6]:
         3,3
      [7]:
         4,0
      [8]:
         4,4
      [9]:
         5,0
      [10]:
         5,5
      [11]:
         6,0
      [12]:
         6,6
      [13]:
         7,0
      [14]:
         7,7
      [15]:
         8,0
      [16]:
         8,8
      [17]:
         9,0
      [18]:
         9,9
      [19]:
         10,0
      [20]:
         10,10
[34]:
   [1]:
      3,3
   [2]:
      1,1
   [3]:
      1,0
   [4]:
      18,4,19,22
   [5]:
      [1]:
         1,0
      [2]:
         1,1
      [3]:
         2,0
      [4]:
         2,2
      [5]:
         3,0
      [6]:
         3,3
      [7]:
         4,0
      [8]:
         4,4
      [9]:
         5,0
      [10]:
         5,5
      [11]:
         6,0
      [12]:
         6,6
      [13]:
         7,0
      [14]:
         7,7
      [15]:
         8,0
      [16]:
         8,8
      [17]:
         9,0
      [18]:
         9,9
      [19]:
         10,0
      [20]:
         10,10
[35]:
   [1]:
      3,3
   [2]:
      2,1
   [3]:
      2,0
   [4]:
      18,7,19,25
   [5]:
      [1]:
         1,0
      [2]:
         1,1
      [3]:
         2,0
      [4]:
         2,2
      [5]:
         3,0
      [6]:
         3,3
      [7]:
         4,0
      [8]:
         4,4
      [9]:
         5,0
      [10]:
         5,5
      [11]:
         6,0
      [12]:
         6,6
      [13]:
         7,0
      [14]:
         7,7
      [15]:
         8,0
      [16]:
         8,8
      [17]:
         9,0
      [18]:
         9,9
      [19]:
         10,0
      [20]:
   
