> compo3;
empty list


> compo3;
[1]:
   [1]:
      1,2
   [2]:
      3,2
   [3]:
      0,0
   [4]:
      9,21,29,30
   [5]:
      [1]:
         1,-1
      [2]:
         1,0
      [3]:
         2,-2
      [4]:
         2,0
      [5]:
         3,-3
      [6]:
         3,0
      [7]:
         4,-4
      [8]:
         4,0
      [9]:
         5,-5
      [10]:
         5,0
      [11]:
         6,-6
      [12]:
         6,0
      [13]:
         7,-7
      [14]:
         7,0
      [15]:
         8,-8
      [16]:
         8,0
      [17]:
         9,-9
      [18]:
         9,0
      [19]:
         10,-10
      [20]:
         10,0
[2]:
   [1]:
      1,2
   [2]:
      2,3
   [3]:
      1,0
   [4]:
      9,21,24,29
   [5]:
      [1]:
         1,0
      [2]:
         1,1
      [3]:
         2,0
      [4]:
         2,2
      [5]:
         3,0
      [6]:
         3,3
      [7]:
         4,0
      [8]:
         4,4
      [9]:
         5,0
      [10]:
         5,5
      [11]:
         6,0
      [12]:
         6,6
      [13]:
         7,0
      [14]:
         7,7
      [15]:
         8,0
      [16]:
         8,8
      [17]:
         9,0
      [18]:
         9,9
      [19]:
         10,0
      [20]:
         10,10
[3]:
   [1]:
      1,2
   [2]:
      2,4
   [3]:
      1,1
   [4]:
      9,23,25,30
   [5]:
      [1]:
         1,0
      [2]:
         2,0
      [3]:
         3,0
      [4]:
         4,0
      [5]:
         5,0
      [6]:
         6,0
      [7]:
         7,0
      [8]:
         8,0
      [9]:
         9,0
      [10]:
         10,0
         
         
    compo3;
[1]:
   [1]:
      1,3
   [2]:
      3,1
   [3]:
      0,0
   [4]:
      12,12,23,24
   [5]:
      [1]:
         1,-1
      [2]:
         1,0
      [3]:
         2,-2
      [4]:
         2,0
      [5]:
         3,-3
      [6]:
         3,0
      [7]:
         4,-4
      [8]:
         4,0
      [9]:
         5,-5
      [10]:
         5,0
      [11]:
         6,-6
      [12]:
         6,0
      [13]:
         7,-7
      [14]:
         7,0
      [15]:
         8,-8
      [16]:
         8,0
      [17]:
         9,-9
      [18]:
         9,0
      [19]:
         10,-10
      [20]:
         10,0
[2]:
   [1]:
      1,3
   [2]:
      2,2
   [3]:
      1,0
   [4]:
      12,16,22,27
   [5]:
      [1]:
         1,0
      [2]:
         1,1
      [3]:
         2,0
      [4]:
         2,2
      [5]:
         3,0
      [6]:
         3,3
      [7]:
         4,0
      [8]:
         4,4
      [9]:
         5,0
      [10]:
         5,5
      [11]:
         6,0
      [12]:
         6,6
      [13]:
         7,0
      [14]:
         7,7
      [15]:
         8,0
      [16]:
         8,8
      [17]:
         9,0
      [18]:
         9,9
      [19]:
         10,0
      [20]:
         10,10
         
         
         
 compo3;
[1]:
   [1]:
      1,4
   [2]:
      2,2
   [3]:
      1,1
   [4]:
      13,16,22,27
   [5]:
      [1]:
         1,0
      [2]:
         2,0
      [3]:
         3,0
      [4]:
         4,0
      [5]:
         5,0
      [6]:
         6,0
      [7]:
         7,0
      [8]:
         8,0
      [9]:
         9,0
      [10]:
         10,0
         
> compo3;
[1]:
   [1]:
      2,2
   [2]:
      2,2
   [3]:
      0,0
   [4]:
      16,16,31,32
   [5]:
      [1]:
         1,-1
      [2]:
         1,0
      [3]:
         2,-2
      [4]:
         2,0
      [5]:
         3,-3
      [6]:
         3,0
      [7]:
         4,-4
      [8]:
         4,0
      [9]:
         5,-5
      [10]:
         5,0
      [11]:
         6,-6
      [12]:
         6,0
      [13]:
         7,-7
      [14]:
         7,0
      [15]:
         8,-8
      [16]:
         8,0
      [17]:
         9,-9
      [18]:
         9,0
      [19]:
         10,-10
      [20]:
         10,0
[2]:
   [1]:
      2,2
   [2]:
      3,1
   [3]:
      0,1
   [4]:
      16,12,22,27
   [5]:
      [1]:
         1,0
      [2]:
         1,1
      [3]:
         2,0
      [4]:
         2,2
      [5]:
         3,0
      [6]:
         3,3
      [7]:
         4,0
      [8]:
         4,4
      [9]:
         5,0
      [10]:
         5,5
      [11]:
         6,0
      [12]:
         6,6
      [13]:
         7,0
      [14]:
         7,7
      [15]:
         8,0
      [16]:
         8,8
      [17]:
         9,0
      [18]:
         9,9
      [19]:
         10,0
      [20]:
         10,10
[3]:
   [1]:
      2,2
   [2]:
      1,3
   [3]:
      1,0
   [4]:
      16,12,22,27
   [5]:
      [1]:
         1,0
      [2]:
         1,1
      [3]:
         2,0
      [4]:
         2,2
      [5]:
         3,0
      [6]:
         3,3
      [7]:
         4,0
      [8]:
         4,4
      [9]:
         5,0
      [10]:
         5,5
      [11]:
         6,0
      [12]:
         6,6
      [13]:
         7,0
      [14]:
         7,7
      [15]:
         8,0
      [16]:
         8,8
      [17]:
         9,0
      [18]:
         9,9
      [19]:
         10,0
      [20]:
         10,10
[4]:
   [1]:
      2,2
   [2]:
      1,4
   [3]:
      1,1
   [4]:
      16,13,22,27
   [5]:
      [1]:
         1,0
      [2]:
         2,0
      [3]:
         3,0
      [4]:
         4,0
      [5]:
         5,0
      [6]:
         6,0
      [7]:
         7,0
      [8]:
         8,0
      [9]:
         9,0
      [10]:
         10,0
[5]:
   [1]:
      2,2
   [2]:
      4,1
   [3]:
      1,1
   [4]:
      16,13,22,27
   [5]:
      [1]:
         1,0
      [2]:
         2,0
      [3]:
         3,0
      [4]:
         4,0
      [5]:
         5,0
      [6]:
         6,0
      [7]:
         7,0
      [8]:
         8,0
      [9]:
         9,0
      [10]:
         10,0
         
         
 compo3;
[1]:
   [1]:
      2,3
   [2]:
      2,1
   [3]:
      0,0
   [4]:
      21,9,29,30
   [5]:
      [1]:
         1,-1
      [2]:
         1,0
      [3]:
         2,-2
      [4]:
         2,0
      [5]:
         3,-3
      [6]:
         3,0
      [7]:
         4,-4
      [8]:
         4,0
      [9]:
         5,-5
      [10]:
         5,0
      [11]:
         6,-6
      [12]:
         6,0
      [13]:
         7,-7
      [14]:
         7,0
      [15]:
         8,-8
      [16]:
         8,0
      [17]:
         9,-9
      [18]:
         9,0
      [19]:
         10,-10
      [20]:
         10,0
[2]:
   [1]:
      2,3
   [2]:
      3,2
   [3]:
      0,0
   [4]:
      21,21,34,42
   [5]:
      [1]:
         1,-1
      [2]:
         1,0
      [3]:
         2,-2
      [4]:
         2,0
      [5]:
         3,-3
      [6]:
         3,0
      [7]:
         4,-4
      [8]:
         4,0
      [9]:
         5,-5
      [10]:
         5,0
      [11]:
         6,-6
      [12]:
         6,0
      [13]:
         7,-7
      [14]:
         7,0
      [15]:
         8,-8
      [16]:
         8,0
      [17]:
         9,-9
      [18]:
         9,0
      [19]:
         10,-10
      [20]:
         10,0
[3]:
   [1]:
      2,3
   [2]:
      1,2
   [3]:
      1,0
   [4]:
      21,9,24,29
   [5]:
      [1]:
         1,0
      [2]:
         1,1
      [3]:
         2,0
      [4]:
         2,2
      [5]:
         3,0
      [6]:
         3,3
      [7]:
         4,0
      [8]:
         4,4
      [9]:
         5,0
      [10]:
         5,5
      [11]:
         6,0
      [12]:
         6,6
      [13]:
         7,0
      [14]:
         7,7
      [15]:
         8,0
      [16]:
         8,8
      [17]:
         9,0
      [18]:
         9,9
      [19]:
         10,0
      [20]:
         10,10
[4]:
   [1]:
      2,3
   [2]:
      4,2
   [3]:
      1,0
   [4]:
      21,23,34,44
   [5]:
      [1]:
         1,0
      [2]:
         2,0
      [3]:
         3,0
      [4]:
         4,0
      [5]:
         5,0
      [6]:
         6,0
      [7]:
         7,0
      [8]:
         8,0
      [9]:
         9,0
      [10]:
         10,0
         
         
         
 > compo3;
[1]:
   [1]:
      2,4
   [2]:
      3,2
   [3]:
      0,1
   [4]:
      23,21,34,44
   [5]:
      [1]:
         1,0
      [2]:
         2,0
      [3]:
         3,0
      [4]:
         4,0
      [5]:
         5,0
      [6]:
         6,0
      [7]:
         7,0
      [8]:
         8,0
      [9]:
         9,0
      [10]:
         10,0
[2]:
   [1]:
      2,4
   [2]:
      1,2
   [3]:
      1,1
   [4]:
      23,9,25,30
   [5]:
      [1]:
         1,0
      [2]:
         2,0
      [3]:
         3,0
      [4]:
         4,0
      [5]:
         5,0
      [6]:
         6,0
      [7]:
         7,0
      [8]:
         8,0
      [9]:
         9,0
      [10]:
         10,0
[3]:
   [1]:
      2,4
   [2]:
      4,2
   [3]:
      1,1
   [4]:
      23,23,34,46
   [5]:
      [1]:
         1,0
      [2]:
         2,0
      [3]:
         3,0
      [4]:
         4,0
      [5]:
         5,0
      [6]:
         6,0
      [7]:
         7,0
      [8]:
         8,0
      [9]:
         9,0
      [10]:
         10,0
         
         
 > compo3;
empty list


> compo3;
empty list


> compo3;
empty list


         
         
         
         
