> check[1];
empty list
> check[2];
[1]:
   [1]:
      1,1
   [2]:
      1,1
   [3]:
      0,0
   [4]:
      2,2,4,4
   [5]:
      [1]:
         1,0
[2]:
   [1]:
      1,1
   [2]:
      1,2
   [3]:
      0,0
   [4]:
      2,3,4,5
   [5]:
      [1]:
         1,0
[3]:
   [1]:
      1,1
   [2]:
      2,1
   [3]:
      0,0
   [4]:
      2,3,4,5
   [5]:
      [1]:
         1,0
[4]:
   [1]:
      1,1
   [2]:
      2,2
   [3]:
      0,0
   [4]:
      2,4,4,6
   [5]:
      [1]:
         1,0
[5]:
   [1]:
      1,1
   [2]:
      1,1
   [3]:
      0,1
   [4]:
      2,2,3,4
   [5]:
      [1]:
         1,0
[6]:
   [1]:
      1,1
   [2]:
      1,2
   [3]:
      0,1
   [4]:
      2,3,4,5
   [5]:
      [1]:
         1,0
[7]:
   [1]:
      1,1
   [2]:
      2,1
   [3]:
      0,1
   [4]:
      2,3,3,5
   [5]:
      [1]:
         1,0
[8]:
   [1]:
      1,1
   [2]:
      2,2
   [3]:
      0,1
   [4]:
      2,4,4,6
   [5]:
      [1]:
         1,0
[9]:
   [1]:
      1,1
   [2]:
      1,1
   [3]:
      1,0
   [4]:
      2,2,3,4
   [5]:
      [1]:
         1,0
[10]:
   [1]:
      1,1
   [2]:
      1,2
   [3]:
      1,0
   [4]:
      2,3,3,5
   [5]:
      [1]:
         1,0
[11]:
   [1]:
      1,1
   [2]:
      2,1
   [3]:
      1,0
   [4]:
      2,3,4,5
   [5]:
      [1]:
         1,0
[12]:
   [1]:
      1,1
   [2]:
      2,2
   [3]:
      1,0
   [4]:
      2,4,4,6
   [5]:
      [1]:
         1,0
[13]:
   [1]:
      1,1
   [2]:
      1,1
   [3]:
      1,1
   [4]:
      2,2,2,2
   [5]:
      [1]:
         1,-1
[14]:
   [1]:
      1,1
   [2]:
      1,2
   [3]:
      1,1
   [4]:
      2,3,3,4
   [5]:
      [1]:
         1,-1
      [2]:
         1,0
[15]:
   [1]:
      1,1
   [2]:
      2,1
   [3]:
      1,1
   [4]:
      2,3,3,4
   [5]:
      [1]:
         1,-1
      [2]:
         1,0
[16]:
   [1]:
      1,1
   [2]:
      2,2
   [3]:
      1,1
   [4]:
      2,4,4,6
   [5]:
      [1]:
         1,0
[17]:
   [1]:
      1,2
   [2]:
      1,1
   [3]:
      0,0
   [4]:
      3,2,4,5
   [5]:
      [1]:
         1,0
[18]:
   [1]:
      1,2
   [2]:
      1,2
   [3]:
      0,0
   [4]:
      3,3,4,6
   [5]:
      [1]:
         1,0
[19]:
   [1]:
      1,2
   [2]:
      2,1
   [3]:
      0,0
   [4]:
      3,3,4,6
   [5]:
      [1]:
         1,0
[20]:
   [1]:
      1,2
   [2]:
      2,2
   [3]:
      0,0
   [4]:
      3,4,4,7
   [5]:
      [1]:
         1,0
[21]:
   [1]:
      1,2
   [2]:
      1,1
   [3]:
      0,1
   [4]:
      3,2,4,5
   [5]:
      [1]:
         1,0
[22]:
   [1]:
      1,2
   [2]:
      1,2
   [3]:
      0,1
   [4]:
      3,3,4,6
   [5]:
      [1]:
         1,0
[23]:
   [1]:
      1,2
   [2]:
      2,1
   [3]:
      0,1
   [4]:
      3,3,4,6
   [5]:
      [1]:
         1,0
[24]:
   [1]:
      1,2
   [2]:
      2,2
   [3]:
      0,1
   [4]:
      3,4,4,7
   [5]:
      [1]:
         1,0
[25]:
   [1]:
      1,2
   [2]:
      1,2
   [3]:
      0,2
   [4]:
      3,3,4,6
   [5]:
      [1]:
         1,0
[26]:
   [1]:
      1,2
   [2]:
      2,2
   [3]:
      0,2
   [4]:
      3,4,4,7
   [5]:
      [1]:
         1,0
[27]:
   [1]:
      1,2
   [2]:
      1,2
   [3]:
      1,0
   [4]:
      3,3,3,5
   [5]:
      [1]:
         1,1
[28]:
   [1]:
      1,2
   [2]:
      2,1
   [3]:
      1,0
   [4]:
      3,3,4,6
   [5]:
      [1]:
         1,0
[29]:
   [1]:
      1,2
   [2]:
      2,2
   [3]:
      1,0
   [4]:
      3,4,4,7
   [5]:
      [1]:
         1,0
[30]:
   [1]:
      1,2
   [2]:
      1,1
   [3]:
      1,1
   [4]:
      3,2,3,4
   [5]:
      [1]:
         1,-1
[31]:
   [1]:
      1,2
   [2]:
      2,1
   [3]:
      1,1
   [4]:
      3,3,4,6
   [5]:
      [1]:
         1,0
[32]:
   [1]:
      1,2
   [2]:
      2,2
   [3]:
      1,1
   [4]:
      3,4,4,7
   [5]:
      [1]:
         1,0
[33]:
   [1]:
      1,2
   [2]:
      1,2
   [3]:
      1,2
   [4]:
      3,3,3,3
   [5]:
      [1]:
         1,-1
[34]:
   [1]:
      1,2
   [2]:
      2,2
   [3]:
      1,2
   [4]:
      3,4,4,6
   [5]:
      [1]:
         1,-1
      [2]:
         1,0
[35]:
   [1]:
      2,2
   [2]:
      2,2
   [3]:
      0,2
   [4]:
      4,4,4,7
   [5]:
      [1]:
         1,1
[36]:
   [1]:
      2,2
   [2]:
      1,2
   [3]:
      1,2
   [4]:
      4,3,4,6
   [5]:
      [1]:
         1,-1
[37]:
   [1]:
      2,2
   [2]:
      2,2
   [3]:
      2,0
   [4]:
      4,4,4,7
   [5]:
      [1]:
         1,1
[38]:
   [1]:
      2,2
   [2]:
      2,1
   [3]:
      2,1
   [4]:
      4,3,4,6
   [5]:
      [1]:
         1,-1
[39]:
   [1]:
      2,2
   [2]:
      2,2
   [3]:
      2,2
   [4]:
      4,4,4,4
   [5]:
      [1]:
         1,-1
