> compo1;
[1]:
   [1]:
      1,1
   [2]:
      1,1
   [3]:
      0,0
   [4]:
      3,3,6,6
[2]:
   [1]:
      1,1
   [2]:
      1,2
   [3]:
      0,0
   [4]:
      3,5,8,8
[3]:
   [1]:
      1,1
   [2]:
      2,1
   [3]:
      0,0
   [4]:
      3,5,8,8
[4]:
   [1]:
      1,1
   [2]:
      1,1
   [3]:
      1,1
   [4]:
      3,3,3,3
[5]:
   [1]:
      1,2
   [2]:
      1,1
   [3]:
      0,0
   [4]:
      5,3,8,8
[6]:
   [1]:
      1,2
   [2]:
      1,2
   [3]:
      1,2
   [4]:
      5,5,5,5
[7]:
   [1]:
      1,3
   [2]:
      1,3
   [3]:
      1,0
   [4]:
      6,6,6,6
[8]:
   [1]:
      1,3
   [2]:
      1,3
   [3]:
      1,3
   [4]:
      6,6,6,6
[9]:
   [1]:
      2,2
   [2]:
      2,2
   [3]:
      2,2
   [4]:
      8,8,8,8
[10]:
   [1]:
      2,3
   [2]:
      2,3
   [3]:
      2,0
   [4]:
      9,9,9,9
[11]:
   [1]:
      2,3
   [2]:
      2,3
   [3]:
      2,3
   [4]:
      9,9,9,9
[12]:
   [1]:
      3,3
   [2]:
      3,3
   [3]:
      0,0
   [4]:
      10,10,10,10
[13]:
   [1]:
      3,3
   [2]:
      3,3
   [3]:
      0,3
   [4]:
      10,10,10,10
[14]:
   [1]:
      3,3
   [2]:
      3,3
   [3]:
      3,0
   [4]:
      10,10,10,10
[15]:
   [1]:
      3,3
   [2]:
      3,3
   [3]:
      3,3
   [4]:
      10,10,10,10
