> compoG;
[1]:
   [1]:
      3,3
   [2]:
      3,3
   [3]:
      0,0
   [4]:
      36,36,56,72
[2]:
   [1]:
      3,3
   [2]:
      3,4
   [3]:
      0,1
   [4]:
      36,41,56,77
[3]:
   [1]:
      3,3
   [2]:
      4,3
   [3]:
      1,0
   [4]:
      36,41,56,77
[4]:
   [1]:
      3,3
   [2]:
      4,4
   [3]:
      1,1
   [4]:
      36,46,56,82
[5]:
   [1]:
      3,4
   [2]:
      3,3
   [3]:
      0,1
   [4]:
      41,36,56,77
[6]:
   [1]:
      3,4
   [2]:
      3,4
   [3]:
      0,1
   [4]:
      41,41,56,82
[7]:
   [1]:
      3,4
   [2]:
      3,4
   [3]:
      0,2
   [4]:
      41,41,56,82
[8]:
   [1]:
      3,4
   [2]:
      4,3
   [3]:
      1,1
   [4]:
      41,41,56,82
[9]:
   [1]:
      3,4
   [2]:
      4,4
   [3]:
      1,1
   [4]:
      41,46,56,87
[10]:
   [1]:
      3,4
   [2]:
      4,4
   [3]:
      1,2
   [4]:
      41,46,56,87
[11]:
   [1]:
      4,4
   [2]:
      3,3
   [3]:
      1,1
   [4]:
      46,36,56,82
[12]:
   [1]:
      4,4
   [2]:
      3,4
   [3]:
      1,1
   [4]:
      46,41,56,87
[13]:
   [1]:
      4,4
   [2]:
      4,3
   [3]:
      1,1
   [4]:
      46,41,56,87
[14]:
   [1]:
      4,4
   [2]:
      4,4
   [3]:
      1,1
   [4]:
      46,46,56,92
[15]:
   [1]:
      4,4
   [2]:
      3,4
   [3]:
      1,2
   [4]:
      46,41,56,87
[16]:
   [1]:
      4,4
   [2]:
      4,4
   [3]:
      1,2
   [4]:
      46,46,56,92
[17]:
   [1]:
      4,4
   [2]:
      4,3
   [3]:
      2,1
   [4]:
      46,41,56,87
[18]:
   [1]:
      4,4
   [2]:
      4,4
   [3]:
      2,1
   [4]:
      46,46,56,92
[19]:
   [1]:
      4,4
   [2]:
      4,4
   [3]:
      2,2
   [4]:
      46,46,56,92

      
      
      
      
      
      
      
      
      
      
      
